000000000000000000
111111111100110111
111111111001101110
111111110110100101
111111110011011100
111111110000010011
111111101101001010
111111101010000001
111111100110111000
111111100011101111
111111100000100101
111111011101011100
111111011010010011
111111010111001010
111111010100000001
111111010000111000
111111001101101111
111111001010100110
111111000111011101
111111000100010100
111111000001001011
111110111110000010
111110111010111010
111110110111110001
111110110100101000
111110110001011111
111110101110010110
111110101011001101
111110101000000100
111110100100111011
111110100001110010
111110011110101001
111110011011100001
111110011000011000
111110010101001111
111110010010000110
111110001110111110
111110001011110101
111110001000101100
111110000101100011
111110000010011011
111101111111010010
111101111100001001
111101111001000001
111101110101111000
111101110010101111
111101101111100111
111101101100011110
111101101001010110
111101100110001101
111101100011000101
111101011111111100
111101011100110100
111101011001101100
111101010110100011
111101010011011011
111101010000010010
111101001101001010
111101001010000010
111101000110111010
111101000011110001
111101000000101001
111100111101100001
111100111010011001
111100110111010001
111100110100001001
111100110001000001
111100101101111001
111100101010110001
111100100111101001
111100100100100001
111100100001011001
111100011110010001
111100011011001001
111100011000000001
111100010100111010
111100010001110010
111100001110101010
111100001011100011
111100001000011011
111100000101010100
111100000010001100
111011111111000100
111011111011111101
111011111000110110
111011110101101110
111011110010100111
111011101111100000
111011101100011000
111011101001010001
111011100110001010
111011100011000011
111011011111111100
111011011100110101
111011011001101110
111011010110100111
111011010011100000
111011010000011001
111011001101010010
111011001010001011
111011000111000101
111011000011111110
111011000000110111
111010111101110001
111010111010101010
111010110111100100
111010110100011101
111010110001010111
111010101110010001
111010101011001010
111010101000000100
111010100100111110
111010100001111000
111010011110110010
111010011011101100
111010011000100110
111010010101100000
111010010010011010
111010001111010100
111010001100001110
111010001001001001
111010000110000011
111010000010111110
111001111111111000
111001111100110011
111001111001101101
111001110110101000
111001110011100011
111001110000011101
111001101101011000
111001101010010011
111001100111001110
111001100100001001
111001100001000100
111001011101111111
111001011010111010
111001010111110110
111001010100110001
111001010001101100
111001001110101000
111001001011100011
111001001000011111
111001000101011011
111001000010010110
111000111111010010
111000111100001110
111000111001001010
111000110110000110
111000110011000010
111000101111111110
111000101100111010
111000101001110111
111000100110110011
111000100011101111
111000100000101100
111000011101101000
111000011010100101
111000010111100010
111000010100011111
111000010001011011
111000001110011000
111000001011010101
111000001000010010
111000000101010000
111000000010001101
110111111111001010
110111111100001000
110111111001000101
110111110110000011
110111110011000000
110111101111111110
110111101100111100
110111101001111001
110111100110110111
110111100011110101
110111100000110100
110111011101110010
110111011010110000
110111010111101110
110111010100101101
110111010001101011
110111001110101010
110111001011101001
110111001000100111
110111000101100110
110111000010100101
110110111111100100
110110111100100011
110110111001100010
110110110110100010
110110110011100001
110110110000100001
110110101101100000
110110101010100000
110110100111011111
110110100100011111
110110100001011111
110110011110011111
110110011011011111
110110011000011111
110110010101100000
110110010010100000
110110001111100001
110110001100100001
110110001001100010
110110000110100011
110110000011100011
110110000000100100
110101111101100101
110101111010100111
110101110111101000
110101110100101001
110101110001101011
110101101110101100
110101101011101110
110101101000101111
110101100101110001
110101100010110011
110101011111110101
110101011100110111
110101011001111010
110101010110111100
110101010011111110
110101010001000001
110101001110000100
110101001011000110
110101001000001001
110101000101001100
110101000010001111
110100111111010010
110100111100010110
110100111001011001
110100110110011100
110100110011100000
110100110000100100
110100101101101000
110100101010101011
110100100111101111
110100100100110100
110100100001111000
110100011110111100
110100011100000001
110100011001000101
110100010110001010
110100010011001111
110100010000010100
110100001101011001
110100001010011110
110100000111100011
110100000100101000
110100000001101110
110011111110110100
110011111011111001
110011111000111111
110011110110000101
110011110011001011
110011110000010001
110011101101011000
110011101010011110
110011100111100101
110011100100101011
110011100001110010
110011011110111001
110011011100000000
110011011001000111
110011010110001110
110011010011010110
110011010000011101
110011001101100101
110011001010101101
110011000111110100
110011000100111100
110011000010000101
110010111111001101
110010111100010101
110010111001011110
110010110110100110
110010110011101111
110010110000111000
110010101110000001
110010101011001010
110010101000010011
110010100101011101
110010100010100110
110010011111110000
110010011100111010
110010011010000100
110010010111001110
110010010100011000
110010010001100010
110010001110101101
110010001011110111
110010001001000010
110010000110001101
110010000011011000
110010000000100011
110001111101101110
110001111010111010
110001111000000101
110001110101010001
110001110010011100
110001101111101000
110001101100110100
110001101010000001
110001100111001101
110001100100011001
110001100001100110
110001011110110011
110001011100000000
110001011001001101
110001010110011010
110001010011100111
110001010000110101
110001001110000010
110001001011010000
110001001000011110
110001000101101100
110001000010111010
110001000000001000
110000111101010111
110000111010100110
110000110111110100
110000110101000011
110000110010010010
110000101111100001
110000101100110001
110000101010000000
110000100111010000
110000100100100000
110000100001110000
110000011111000000
110000011100010000
110000011001100000
110000010110110001
110000010100000010
110000010001010010
110000001110100011
110000001011110100
110000001001000110
110000000110010111
110000000011101001
110000000000111011
101111111110001100
101111111011011111
101111111000110001
101111110110000011
101111110011010110
101111110000101000
101111101101111011
101111101011001110
101111101000100001
101111100101110101
101111100011001000
101111100000011100
101111011101101111
101111011011000011
101111011000010111
101111010101101100
101111010011000000
101111010000010101
101111001101101010
101111001010111110
101111001000010011
101111000101101001
101111000010111110
101111000000010100
101110111101101001
101110111010111111
101110111000010101
101110110101101100
101110110011000010
101110110000011000
101110101101101111
101110101011000110
101110101000011101
101110100101110100
101110100011001100
101110100000100011
101110011101111011
101110011011010011
101110011000101011
101110010110000011
101110010011011100
101110010000110100
101110001110001101
101110001011100110
101110001000111111
101110000110011000
101110000011110010
101110000001001011
101101111110100101
101101111011111111
101101111001011001
101101110110110011
101101110100001110
101101110001101000
101101101111000011
101101101100011110
101101101001111001
101101100111010101
101101100100110000
101101100010001100
101101011111101000
101101011101000100
101101011010100000
101101010111111101
101101010101011001
101101010010110110
101101010000010011
101101001101110000
101101001011001101
101101001000101011
101101000110001001
101101000011100110
101101000001000100
101100111110100011
101100111100000001
101100111001100000
101100110110111110
101100110100011101
101100110001111101
101100101111011100
101100101100111011
101100101010011011
101100100111111011
101100100101011011
101100100010111011
101100100000011100
101100011101111101
101100011011011101
101100011000111110
101100010110100000
101100010100000001
101100010001100011
101100001111000100
101100001100100110
101100001010001000
101100000111101011
101100000101001101
101100000010110000
101100000000010011
101011111101110110
101011111011011001
101011111000111101
101011110110100001
101011110100000101
101011110001101001
101011101111001101
101011101100110001
101011101010010110
101011100111111011
101011100101100000
101011100011000101
101011100000101011
101011011110010000
101011011011110110
101011011001011100
101011010111000011
101011010100101001
101011010010010000
101011001111110111
101011001101011110
101011001011000101
101011001000101100
101011000110010100
101011000011111100
101011000001100100
101010111111001100
101010111100110101
101010111010011101
101010111000000110
101010110101101111
101010110011011001
101010110001000010
101010101110101100
101010101100010110
101010101010000000
101010100111101010
101010100101010100
101010100010111111
101010100000101010
101010011110010101
101010011100000001
101010011001101100
101010010111011000
101010010101000100
101010010010110000
101010010000011100
101010001110001001
101010001011110110
101010001001100011
101010000111010000
101010000100111101
101010000010101011
101010000000011001
101001111110000111
101001111011110101
101001111001100100
101001110111010010
101001110101000001
101001110010110000
101001110000100000
101001101110001111
101001101011111111
101001101001101111
101001100111011111
101001100101010000
101001100011000000
101001100000110001
101001011110100010
101001011100010100
101001011010000101
101001010111110111
101001010101101001
101001010011011011
101001010001001101
101001001111000000
101001001100110011
101001001010100110
101001001000011001
101001000110001100
101001000100000000
101001000001110100
101000111111101000
101000111101011101
101000111011010001
101000111001000110
101000110110111011
101000110100110000
101000110010100110
101000110000011011
101000101110010001
101000101100000111
101000101001111110
101000100111110100
101000100101101011
101000100011100010
101000100001011010
101000011111010001
101000011101001001
101000011011000001
101000011000111001
101000010110110001
101000010100101010
101000010010100011
101000010000011100
101000001110010101
101000001100001111
101000001010001001
101000001000000011
101000000101111101
101000000011110111
101000000001110010
100111111111101101
100111111101101000
100111111011100011
100111111001011111
100111110111011011
100111110101010111
100111110011010011
100111110001010000
100111101111001101
100111101101001010
100111101011000111
100111101001000100
100111100111000010
100111100101000000
100111100010111110
100111100000111101
100111011110111011
100111011100111010
100111011010111001
100111011000111001
100111010110111000
100111010100111000
100111010010111000
100111010000111001
100111001110111001
100111001100111010
100111001010111011
100111001000111100
100111000110111110
100111000101000000
100111000011000010
100111000001000100
100110111111000110
100110111101001001
100110111011001100
100110111001001111
100110110111010011
100110110101010111
100110110011011010
100110110001011111
100110101111100011
100110101101101000
100110101011101101
100110101001110010
100110100111110111
100110100101111101
100110100100000011
100110100010001001
100110100000001111
100110011110010110
100110011100011101
100110011010100100
100110011000101011
100110010110110011
100110010100111011
100110010011000011
100110010001001011
100110001111010100
100110001101011101
100110001011100110
100110001001101111
100110000111111001
100110000110000010
100110000100001101
100110000010010111
100110000000100010
100101111110101100
100101111100110111
100101111011000011
100101111001001110
100101110111011010
100101110101100110
100101110011110011
100101110001111111
100101110000001100
100101101110011001
100101101100100111
100101101010110100
100101101001000010
100101100111010000
100101100101011111
100101100011101101
100101100001111100
100101100000001011
100101011110011011
100101011100101010
100101011010111010
100101011001001010
100101010111011011
100101010101101100
100101010011111100
100101010010001110
100101010000011111
100101001110110001
100101001101000011
100101001011010101
100101001001101000
100101000111111010
100101000110001101
100101000100100001
100101000010110100
100101000001001000
100100111111011100
100100111101110000
100100111100000101
100100111010011010
100100111000101111
100100110111000100
100100110101011010
100100110011101111
100100110010000110
100100110000011100
100100101110110011
100100101101001010
100100101011100001
100100101001111000
100100101000010000
100100100110101000
100100100101000000
100100100011011001
100100100001110001
100100100000001010
100100011110100100
100100011100111101
100100011011010111
100100011001110001
100100011000001100
100100010110100110
100100010101000001
100100010011011100
100100010001111000
100100010000010011
100100001110101111
100100001101001100
100100001011101000
100100001010000101
100100001000100010
100100000110111111
100100000101011101
100100000011111011
100100000010011001
100100000000110111
100011111111010110
100011111101110101
100011111100010100
100011111010110011
100011111001010011
100011110111110011
100011110110010011
100011110100110100
100011110011010101
100011110001110110
100011110000010111
100011101110111001
100011101101011011
100011101011111101
100011101010011111
100011101001000010
100011100111100101
100011100110001000
100011100100101100
100011100011010000
100011100001110100
100011100000011000
100011011110111101
100011011101100010
100011011100000111
100011011010101100
100011011001010010
100011010111111000
100011010110011110
100011010101000101
100011010011101100
100011010010010011
100011010000111010
100011001111100010
100011001110001010
100011001100110010
100011001011011011
100011001010000011
100011001000101100
100011000111010110
100011000101111111
100011000100101001
100011000011010011
100011000001111110
100011000000101001
100010111111010100
100010111101111111
100010111100101010
100010111011010110
100010111010000010
100010111000101111
100010110111011100
100010110110001001
100010110100110110
100010110011100011
100010110010010001
100010110000111111
100010101111101110
100010101110011100
100010101101001011
100010101011111010
100010101010101010
100010101001011010
100010101000001010
100010100110111010
100010100101101011
100010100100011100
100010100011001101
100010100001111110
100010100000110000
100010011111100010
100010011110010101
100010011101000111
100010011011111010
100010011010101101
100010011001100001
100010011000010101
100010010111001001
100010010101111101
100010010100110010
100010010011100111
100010010010011100
100010010001010001
100010010000000111
100010001110111101
100010001101110011
100010001100101010
100010001011100001
100010001010011000
100010001001010000
100010001000000111
100010000111000000
100010000101111000
100010000100110001
100010000011101001
100010000010100011
100010000001011100
100010000000010110
100001111111010000
100001111110001011
100001111101000101
100001111100000000
100001111010111011
100001111001110111
100001111000110011
100001110111101111
100001110110101011
100001110101101000
100001110100100101
100001110011100010
100001110010100000
100001110001011110
100001110000011100
100001101111011010
100001101110011001
100001101101011000
100001101100010111
100001101011010111
100001101010010111
100001101001010111
100001101000011000
100001100111011000
100001100110011001
100001100101011011
100001100100011101
100001100011011110
100001100010100001
100001100001100011
100001100000100110
100001011111101001
100001011110101101
100001011101110000
100001011100110100
100001011011111001
100001011010111101
100001011010000010
100001011001000111
100001011000001101
100001010111010011
100001010110011001
100001010101011111
100001010100100110
100001010011101101
100001010010110100
100001010001111100
100001010001000011
100001010000001100
100001001111010100
100001001110011101
100001001101100110
100001001100101111
100001001011111001
100001001011000011
100001001010001101
100001001001010111
100001001000100010
100001000111101101
100001000110111001
100001000110000100
100001000101010001
100001000100011101
100001000011101001
100001000010110110
100001000010000100
100001000001010001
100001000000011111
100000111111101101
100000111110111011
100000111110001010
100000111101011001
100000111100101000
100000111011111000
100000111011001000
100000111010011000
100000111001101001
100000111000111001
100000111000001010
100000110111011100
100000110110101101
100000110101111111
100000110101010010
100000110100100100
100000110011110111
100000110011001010
100000110010011110
100000110001110010
100000110001000110
100000110000011010
100000101111101111
100000101111000100
100000101110011001
100000101101101111
100000101101000101
100000101100011011
100000101011110001
100000101011001000
100000101010011111
100000101001110111
100000101001001111
100000101000100111
100000100111111111
100000100111010111
100000100110110000
100000100110001010
100000100101100011
100000100100111101
100000100100010111
100000100011110010
100000100011001100
100000100010100111
100000100010000011
100000100001011110
100000100000111010
100000100000010111
100000011111110011
100000011111010000
100000011110101101
100000011110001011
100000011101101000
100000011101000111
100000011100100101
100000011100000100
100000011011100011
100000011011000010
100000011010100010
100000011010000001
100000011001100010
100000011001000010
100000011000100011
100000011000000100
100000010111100110
100000010111000111
100000010110101001
100000010110001100
100000010101101110
100000010101010001
100000010100110101
100000010100011000
100000010011111100
100000010011100000
100000010011000101
100000010010101001
100000010010001110
100000010001110100
100000010001011010
100000010001000000
100000010000100110
100000010000001101
100000001111110011
100000001111011011
100000001111000010
100000001110101010
100000001110010010
100000001101111011
100000001101100011
100000001101001101
100000001100110110
100000001100100000
100000001100001010
100000001011110100
100000001011011111
100000001011001001
100000001010110101
100000001010100000
100000001010001100
100000001001111000
100000001001100101
100000001001010001
100000001000111110
100000001000101100
100000001000011001
100000001000000111
100000000111110110
100000000111100100
100000000111010011
100000000111000010
100000000110110010
100000000110100010
100000000110010010
100000000110000010
100000000101110011
100000000101100100
100000000101010110
100000000101000111
100000000100111001
100000000100101011
100000000100011110
100000000100010001
100000000100000100
100000000011111000
100000000011101011
100000000011100000
100000000011010100
100000000011001001
100000000010111110
100000000010110011
100000000010101001
100000000010011111
100000000010010101
100000000010001100
100000000010000011
100000000001111010
100000000001110001
100000000001101001
100000000001100001
100000000001011010
100000000001010011
100000000001001100
100000000001000101
100000000000111111
100000000000111001
100000000000110011
100000000000101110
100000000000101000
100000000000100100
100000000000011111
100000000000011011
100000000000010111
100000000000010100
100000000000010000
100000000000001101
100000000000001011
100000000000001001
100000000000000111
100000000000000101
100000000000000011
100000000000000010
100000000000000010
100000000000000001
100000000000000001
