011111111111111111
011111111111111111
011111111111111110
011111111111111110
011111111111111101
011111111111111011
011111111111111001
011111111111110111
011111111111110101
011111111111110011
011111111111110000
011111111111101100
011111111111101001
011111111111100101
011111111111100001
011111111111011100
011111111111011000
011111111111010010
011111111111001101
011111111111000111
011111111111000001
011111111110111011
011111111110110100
011111111110101101
011111111110100110
011111111110011111
011111111110010111
011111111110001111
011111111110000110
011111111101111101
011111111101110100
011111111101101011
011111111101100001
011111111101010111
011111111101001101
011111111101000010
011111111100110111
011111111100101100
011111111100100000
011111111100010101
011111111100001000
011111111011111100
011111111011101111
011111111011100010
011111111011010101
011111111011000111
011111111010111001
011111111010101010
011111111010011100
011111111010001101
011111111001111110
011111111001101110
011111111001011110
011111111001001110
011111111000111110
011111111000101101
011111111000011100
011111111000001010
011111110111111001
011111110111100111
011111110111010100
011111110111000010
011111110110101111
011111110110011011
011111110110001000
011111110101110100
011111110101100000
011111110101001011
011111110100110111
011111110100100001
011111110100001100
011111110011110110
011111110011100000
011111110011001010
011111110010110011
011111110010011101
011111110010000101
011111110001101110
011111110001010110
011111110000111110
011111110000100101
011111110000001101
011111101111110011
011111101111011010
011111101111000000
011111101110100110
011111101110001100
011111101101110010
011111101101010111
011111101100111011
011111101100100000
011111101100000100
011111101011101000
011111101011001011
011111101010101111
011111101010010010
011111101001110100
011111101001010111
011111101000111001
011111101000011010
011111100111111100
011111100111011101
011111100110111110
011111100110011110
011111100101111111
011111100101011110
011111100100111110
011111100100011101
011111100011111100
011111100011011011
011111100010111001
011111100010011000
011111100001110101
011111100001010011
011111100000110000
011111100000001101
011111011111101001
011111011111000110
011111011110100010
011111011101111101
011111011101011001
011111011100110100
011111011100001110
011111011011101001
011111011011000011
011111011010011101
011111011001110110
011111011001010000
011111011000101001
011111011000000001
011111010111011001
011111010110110001
011111010110001001
011111010101100001
011111010100111000
011111010100001111
011111010011100101
011111010010111011
011111010010010001
011111010001100111
011111010000111100
011111010000010001
011111001111100110
011111001110111010
011111001110001110
011111001101100010
011111001100110110
011111001100001001
011111001011011100
011111001010101110
011111001010000001
011111001001010011
011111001000100100
011111000111110110
011111000111000111
011111000110010111
011111000101101000
011111000100111000
011111000100001000
011111000011011000
011111000010100111
011111000001110110
011111000001000101
011111000000010011
011110111111100001
011110111110101111
011110111101111100
011110111101001010
011110111100010111
011110111011100011
011110111010101111
011110111001111100
011110111001000111
011110111000010011
011110110111011110
011110110110101001
011110110101110011
011110110100111101
011110110100000111
011110110011010001
011110110010011010
011110110001100011
011110110000101100
011110101111110100
011110101110111101
011110101110000100
011110101101001100
011110101100010011
011110101011011010
011110101010100001
011110101001100111
011110101000101101
011110100111110011
011110100110111001
011110100101111110
011110100101000011
011110100100000111
011110100011001100
011110100010010000
011110100001010011
011110100000010111
011110011111011010
011110011110011101
011110011101011111
011110011100100010
011110011011100011
011110011010100101
011110011001100111
011110011000101000
011110010111101000
011110010110101001
011110010101101001
011110010100101001
011110010011101001
011110010010101000
011110010001100111
011110010000100110
011110001111100100
011110001110100010
011110001101100000
011110001100011110
011110001011011011
011110001010011000
011110001001010101
011110001000010001
011110000111001101
011110000110001001
011110000101000101
011110000100000000
011110000010111011
011110000001110101
011110000000110000
011101111111101010
011101111110100100
011101111101011101
011101111100010111
011101111011001111
011101111010001000
011101111001000000
011101110111111001
011101110110110000
011101110101101000
011101110100011111
011101110011010110
011101110010001101
011101110001000011
011101101111111001
011101101110101111
011101101101100100
011101101100011001
011101101011001110
011101101010000011
011101101000110111
011101100111101011
011101100110011111
011101100101010011
011101100100000110
011101100010111001
011101100001101011
011101100000011110
011101011111010000
011101011110000010
011101011100110011
011101011011100100
011101011010010101
011101011001000110
011101010111110110
011101010110100110
011101010101010110
011101010100000110
011101010010110101
011101010001100100
011101010000010010
011101001111000001
011101001101101111
011101001100011101
011101001011001010
011101001001110111
011101001000100100
011101000111010001
011101000101111110
011101000100101010
011101000011010110
011101000010000001
011101000000101100
011100111111010111
011100111110000010
011100111100101101
011100111011010111
011100111010000001
011100111000101010
011100110111010100
011100110101111101
011100110100100101
011100110011001110
011100110001110110
011100110000011110
011100101111000110
011100101101101101
011100101100010100
011100101010111011
011100101001100010
011100101000001000
011100100110101110
011100100101010100
011100100011111001
011100100010011110
011100100001000011
011100011111101000
011100011110001100
011100011100110000
011100011011010100
011100011001111000
011100011000011011
011100010110111110
011100010101100001
011100010100000011
011100010010100101
011100010001000111
011100001111101001
011100001110001010
011100001100101011
011100001011001100
011100001001101101
011100001000001101
011100000110101101
011100000101001101
011100000011101100
011100000010001011
011100000000101010
011011111111001001
011011111101100111
011011111100000101
011011111010100011
011011111001000001
011011110111011110
011011110101111011
011011110100011000
011011110010110100
011011110001010001
011011101111101101
011011101110001000
011011101100100100
011011101010111111
011011101001011010
011011100111110100
011011100110001111
011011100100101001
011011100011000011
011011100001011100
011011011111110110
011011011110001111
011011011100100111
011011011011000000
011011011001011000
011011010111110000
011011010110001000
011011010100011111
011011010010110110
011011010001001101
011011001111100100
011011001101111010
011011001100010001
011011001010100110
011011001000111100
011011000111010001
011011000101100110
011011000011111011
011011000010010000
011011000000100100
011010111110111000
011010111101001100
011010111011011111
011010111001110011
011010111000000110
011010110110011000
011010110100101011
011010110010111101
011010110001001111
011010101111100001
011010101101110010
011010101100000100
011010101010010100
011010101000100101
011010100110110110
011010100101000110
011010100011010110
011010100001100101
011010011111110101
011010011110000100
011010011100010011
011010011010100001
011010011000110000
011010010110111110
011010010101001100
011010010011011001
011010010001100111
011010001111110100
011010001110000001
011010001100001101
011010001010011010
011010001000100110
011010000110110010
011010000100111101
011010000011001001
011010000001010100
011001111111011110
011001111101101001
011001111011110011
011001111001111110
011001111000000111
011001110110010001
011001110100011010
011001110010100011
011001110000101100
011001101110110101
011001101100111101
011001101011000101
011001101001001101
011001100111010101
011001100101011100
011001100011100011
011001100001101010
011001011111110001
011001011101110111
011001011011111101
011001011010000011
011001011000001001
011001010110001110
011001010100010011
011001010010011000
011001010000011101
011001001110100001
011001001100100110
011001001010101001
011001001000101101
011001000110110001
011001000100110100
011001000010110111
011001000000111010
011000111110111100
011000111100111110
011000111011000000
011000111001000010
011000110111000100
011000110101000101
011000110011000110
011000110001000111
011000101111000111
011000101101001000
011000101011001000
011000101001001000
011000100111000111
011000100101000111
011000100011000110
011000100001000101
011000011111000011
011000011101000010
011000011011000000
011000011000111110
011000010110111100
011000010100111001
011000010010110110
011000010000110011
011000001110110000
011000001100101101
011000001010101001
011000001000100101
011000000110100001
011000000100011101
011000000010011000
011000000000010011
010111111110001110
010111111100001001
010111111010000011
010111110111111101
010111110101110111
010111110011110001
010111110001101011
010111101111100100
010111101101011101
010111101011010110
010111101001001111
010111100111000111
010111100100111111
010111100010110111
010111100000101111
010111011110100110
010111011100011110
010111011010010101
010111011000001100
010111010110000010
010111010011111001
010111010001101111
010111001111100101
010111001101011010
010111001011010000
010111001001000101
010111000110111010
010111000100101111
010111000010100011
010111000000011000
010110111110001100
010110111100000000
010110111001110100
010110110111100111
010110110101011010
010110110011001101
010110110001000000
010110101110110011
010110101100100101
010110101010010111
010110101000001001
010110100101111011
010110100011101100
010110100001011110
010110011111001111
010110011101000000
010110011010110000
010110011000100001
010110010110010001
010110010100000001
010110010001110001
010110001111100000
010110001101010000
010110001010111111
010110001000101110
010110000110011100
010110000100001011
010110000001111001
010101111111100111
010101111101010101
010101111011000011
010101111000110000
010101110110011101
010101110100001010
010101110001110111
010101101111100100
010101101101010000
010101101010111100
010101101000101000
010101100110010100
010101100011111111
010101100001101011
010101011111010110
010101011101000001
010101011010101100
010101011000010110
010101010110000000
010101010011101010
010101010001010100
010101001110111110
010101001100100111
010101001010010001
010101000111111010
010101000101100011
010101000011001011
010101000000110100
010100111110011100
010100111100000100
010100111001101100
010100110111010100
010100110100111011
010100110010100010
010100110000001001
010100101101110000
010100101011010111
010100101000111101
010100100110100100
010100100100001010
010100100001110000
010100011111010101
010100011100111011
010100011010100000
010100011000000101
010100010101101010
010100010011001111
010100010000110011
010100001110010111
010100001011111011
010100001001011111
010100000111000011
010100000100100111
010100000010001010
010011111111101101
010011111101010000
010011111010110011
010011111000010101
010011110101111000
010011110011011010
010011110000111100
010011101110011101
010011101011111111
010011101001100000
010011100111000010
010011100100100011
010011100010000011
010011011111100100
010011011101000101
010011011010100101
010011011000000101
010011010101100101
010011010011000101
010011010000100100
010011001110000011
010011001011100011
010011001001000010
010011000110100000
010011000011111111
010011000001011101
010010111110111100
010010111100011010
010010111001110111
010010110111010101
010010110100110011
010010110010010000
010010101111101101
010010101101001010
010010101010100111
010010101000000011
010010100101100000
010010100010111100
010010100000011000
010010011101110100
010010011011010000
010010011000101011
010010010110000111
010010010011100010
010010010000111101
010010001110011000
010010001011110010
010010001001001101
010010000110100111
010010000100000001
010010000001011011
010001111110110101
010001111100001110
010001111001101000
010001110111000001
010001110100011010
010001110001110011
010001101111001100
010001101100100100
010001101001111101
010001100111010101
010001100100101101
010001100010000101
010001011111011101
010001011100110100
010001011010001100
010001010111100011
010001010100111010
010001010010010001
010001001111101000
010001001100111110
010001001010010100
010001000111101011
010001000101000001
010001000010010111
010000111111101100
010000111101000010
010000111010010111
010000110111101101
010000110101000010
010000110010010110
010000101111101011
010000101101000000
010000101010010100
010000100111101001
010000100100111101
010000100010010001
010000011111100100
010000011100111000
010000011010001011
010000010111011111
010000010100110010
010000010010000101
010000001111011000
010000001100101010
010000001001111101
010000000111001111
010000000100100001
010000000001110100
001111111111000101
001111111100010111
001111111001101001
001111110110111010
001111110100001100
001111110001011101
001111101110101110
001111101011111110
001111101001001111
001111100110100000
001111100011110000
001111100001000000
001111011110010000
001111011011100000
001111011000110000
001111010110000000
001111010011001111
001111010000011111
001111001101101110
001111001010111101
001111001000001100
001111000101011010
001111000010101001
001110111111111000
001110111101000110
001110111010010100
001110110111100010
001110110100110000
001110110001111110
001110101111001011
001110101100011001
001110101001100110
001110100110110011
001110100100000000
001110100001001101
001110011110011010
001110011011100111
001110011000110011
001110010101111111
001110010011001100
001110010000011000
001110001101100100
001110001010101111
001110000111111011
001110000101000110
001110000010010010
001101111111011101
001101111100101000
001101111001110011
001101110110111110
001101110100001001
001101110001010011
001101101110011110
001101101011101000
001101101000110010
001101100101111100
001101100011000110
001101100000010000
001101011101011010
001101011010100011
001101010111101101
001101010100110110
001101010001111111
001101001111001000
001101001100010001
001101001001011010
001101000110100010
001101000011101011
001101000000110011
001100111101111011
001100111011000100
001100111000001100
001100110101010011
001100110010011011
001100101111100011
001100101100101010
001100101001110010
001100100110111001
001100100100000000
001100100001000111
001100011110001110
001100011011010101
001100011000011011
001100010101100010
001100010010101000
001100001111101111
001100001100110101
001100001001111011
001100000111000001
001100000100000111
001100000001001100
001011111110010010
001011111011011000
001011111000011101
001011110101100010
001011110010100111
001011101111101100
001011101100110001
001011101001110110
001011100110111011
001011100011111111
001011100001000100
001011011110001000
001011011011001100
001011011000010001
001011010101010101
001011010010011000
001011001111011100
001011001100100000
001011001001100100
001011000110100111
001011000011101010
001011000000101110
001010111101110001
001010111010110100
001010110111110111
001010110100111010
001010110001111100
001010101110111111
001010101100000010
001010101001000100
001010100110000110
001010100011001001
001010100000001011
001010011101001101
001010011010001111
001010010111010001
001010010100010010
001010010001010100
001010001110010101
001010001011010111
001010001000011000
001010000101011001
001010000010011011
001001111111011100
001001111100011101
001001111001011101
001001110110011110
001001110011011111
001001110000011111
001001101101100000
001001101010100000
001001100111100001
001001100100100001
001001100001100001
001001011110100001
001001011011100001
001001011000100001
001001010101100000
001001010010100000
001001001111011111
001001001100011111
001001001001011110
001001000110011110
001001000011011101
001001000000011100
001000111101011011
001000111010011010
001000110111011001
001000110100010111
001000110001010110
001000101110010101
001000101011010011
001000101000010010
001000100101010000
001000100010001110
001000011111001100
001000011100001011
001000011001001001
001000010110000111
001000010011000100
001000010000000010
001000001101000000
001000001001111101
001000000110111011
001000000011111000
001000000000110110
000111111101110011
000111111010110000
000111110111101110
000111110100101011
000111110001101000
000111101110100101
000111101011100001
000111101000011110
000111100101011011
000111100010011000
000111011111010100
000111011100010001
000111011001001101
000111010110001001
000111010011000110
000111010000000010
000111001100111110
000111001001111010
000111000110110110
000111000011110010
000111000000101110
000110111101101010
000110111010100101
000110110111100001
000110110100011101
000110110001011000
000110101110010100
000110101011001111
000110101000001010
000110100101000110
000110100010000001
000110011110111100
000110011011110111
000110011000110010
000110010101101101
000110010010101000
000110001111100011
000110001100011101
000110001001011000
000110000110010011
000110000011001101
000110000000001000
000101111101000010
000101111001111101
000101110110110111
000101110011110010
000101110000101100
000101101101100110
000101101010100000
000101100111011010
000101100100010100
000101100001001110
000101011110001000
000101011011000010
000101010111111100
000101010100110110
000101010001101111
000101001110101001
000101001011100011
000101001000011100
000101000101010110
000101000010001111
000100111111001001
000100111100000010
000100111000111011
000100110101110101
000100110010101110
000100101111100111
000100101100100000
000100101001011001
000100100110010010
000100100011001011
000100100000000100
000100011100111101
000100011001110110
000100010110101111
000100010011101000
000100010000100000
000100001101011001
000100001010010010
000100000111001010
000100000100000011
000100000000111100
000011111101110100
000011111010101100
000011110111100101
000011110100011101
000011110001010110
000011101110001110
000011101011000110
000011100111111111
000011100100110111
000011100001101111
000011011110100111
000011011011011111
000011011000010111
000011010101001111
000011010010000111
000011001110111111
000011001011110111
000011001000101111
000011000101100111
000011000010011111
000010111111010111
000010111100001111
000010111001000110
000010110101111110
000010110010110110
000010101111101110
000010101100100101
000010101001011101
000010100110010100
000010100011001100
000010100000000100
000010011100111011
000010011001110011
000010010110101010
000010010011100010
000010010000011001
000010001101010001
000010001010001000
000010000110111111
000010000011110111
000010000000101110
000001111101100101
000001111010011101
000001110111010100
000001110100001011
000001110001000010
000001101101111010
000001101010110001
000001100111101000
000001100100011111
000001100001010111
000001011110001110
000001011011000101
000001010111111100
000001010100110011
000001010001101010
000001001110100001
000001001011011000
000001001000001111
000001000101000110
000001000001111110
000000111110110101
000000111011101100
000000111000100011
000000110101011010
000000110010010001
000000101111001000
000000101011111111
000000101000110110
000000100101101101
000000100010100100
000000011111011011
000000011100010001
000000011001001000
000000010101111111
000000010010110110
000000001111101101
000000001100100100
000000001001011011
000000000110010010
000000000011001001
000000000000000000
