000000000000000000
111111111100110111
111111111001101110
111111110110100101
111111110011011100
111111110000010011
111111101101001010
111111101010000001
111111100110111000
111111100011101111
111111100000100101
111111011101011100
111111011010010011
111111010111001010
111111010100000001
111111010000111000
111111001101101111
111111001010100110
111111000111011101
111111000100010100
111111000001001011
111110111110000010
111110111010111010
111110110111110001
111110110100101000
111110110001011111
111110101110010110
111110101011001101
111110101000000100
111110100100111011
111110100001110010
111110011110101001
111110011011100001
111110011000011000
111110010101001111
111110010010000110
111110001110111110
111110001011110101
111110001000101100
111110000101100011
111110000010011011
111101111111010010
111101111100001001
111101111001000001
111101110101111000
111101110010101111
111101101111100111
111101101100011110
111101101001010110
111101100110001101
111101100011000101
111101011111111100
111101011100110100
111101011001101100
111101010110100011
111101010011011011
111101010000010010
111101001101001010
111101001010000010
111101000110111010
111101000011110001
111101000000101001
111100111101100001
111100111010011001
111100110111010001
111100110100001001
111100110001000001
111100101101111001
111100101010110001
111100100111101001
111100100100100001
111100100001011001
111100011110010001
111100011011001001
111100011000000001
111100010100111010
111100010001110010
111100001110101010
111100001011100011
111100001000011011
111100000101010100
111100000010001100
111011111111000100
111011111011111101
111011111000110110
111011110101101110
111011110010100111
111011101111100000
111011101100011000
111011101001010001
111011100110001010
111011100011000011
111011011111111100
111011011100110101
111011011001101110
111011010110100111
111011010011100000
111011010000011001
111011001101010010
111011001010001011
111011000111000101
111011000011111110
111011000000110111
111010111101110001
111010111010101010
111010110111100100
111010110100011101
111010110001010111
111010101110010001
111010101011001010
111010101000000100
111010100100111110
111010100001111000
111010011110110010
111010011011101100
111010011000100110
111010010101100000
111010010010011010
111010001111010100
111010001100001110
111010001001001001
111010000110000011
111010000010111110
111001111111111000
111001111100110011
111001111001101101
111001110110101000
111001110011100011
111001110000011101
111001101101011000
111001101010010011
111001100111001110
111001100100001001
111001100001000100
111001011101111111
111001011010111010
111001010111110110
111001010100110001
111001010001101100
111001001110101000
111001001011100011
111001001000011111
111001000101011011
111001000010010110
111000111111010010
111000111100001110
111000111001001010
111000110110000110
111000110011000010
111000101111111110
111000101100111010
111000101001110111
111000100110110011
111000100011101111
111000100000101100
111000011101101000
111000011010100101
111000010111100010
111000010100011111
111000010001011011
111000001110011000
111000001011010101
111000001000010010
111000000101010000
111000000010001101
110111111111001010
110111111100001000
110111111001000101
110111110110000011
110111110011000000
110111101111111110
110111101100111100
110111101001111001
110111100110110111
110111100011110101
110111100000110100
110111011101110010
110111011010110000
110111010111101110
110111010100101101
110111010001101011
110111001110101010
110111001011101001
110111001000100111
110111000101100110
110111000010100101
110110111111100100
110110111100100011
110110111001100010
110110110110100010
110110110011100001
110110110000100001
110110101101100000
110110101010100000
110110100111011111
110110100100011111
110110100001011111
110110011110011111
110110011011011111
110110011000011111
110110010101100000
110110010010100000
110110001111100001
110110001100100001
110110001001100010
110110000110100011
110110000011100011
110110000000100100
110101111101100101
110101111010100111
110101110111101000
110101110100101001
110101110001101011
110101101110101100
110101101011101110
110101101000101111
110101100101110001
110101100010110011
110101011111110101
110101011100110111
110101011001111010
110101010110111100
110101010011111110
110101010001000001
110101001110000100
110101001011000110
110101001000001001
110101000101001100
110101000010001111
110100111111010010
110100111100010110
110100111001011001
110100110110011100
110100110011100000
110100110000100100
110100101101101000
110100101010101011
110100100111101111
110100100100110100
110100100001111000
110100011110111100
110100011100000001
110100011001000101
110100010110001010
110100010011001111
110100010000010100
110100001101011001
110100001010011110
110100000111100011
110100000100101000
110100000001101110
110011111110110100
110011111011111001
110011111000111111
110011110110000101
110011110011001011
110011110000010001
110011101101011000
110011101010011110
110011100111100101
110011100100101011
110011100001110010
110011011110111001
110011011100000000
110011011001000111
110011010110001110
110011010011010110
110011010000011101
110011001101100101
110011001010101101
110011000111110100
110011000100111100
110011000010000101
110010111111001101
110010111100010101
110010111001011110
110010110110100110
110010110011101111
110010110000111000
110010101110000001
110010101011001010
110010101000010011
110010100101011101
110010100010100110
110010011111110000
110010011100111010
110010011010000100
110010010111001110
110010010100011000
110010010001100010
110010001110101101
110010001011110111
110010001001000010
110010000110001101
110010000011011000
110010000000100011
110001111101101110
110001111010111010
110001111000000101
110001110101010001
110001110010011100
110001101111101000
110001101100110100
110001101010000001
110001100111001101
110001100100011001
110001100001100110
110001011110110011
110001011100000000
110001011001001101
110001010110011010
110001010011100111
110001010000110101
110001001110000010
110001001011010000
110001001000011110
110001000101101100
110001000010111010
110001000000001000
110000111101010111
110000111010100110
110000110111110100
110000110101000011
110000110010010010
110000101111100001
110000101100110001
110000101010000000
110000100111010000
110000100100100000
110000100001110000
110000011111000000
110000011100010000
110000011001100000
110000010110110001
110000010100000010
110000010001010010
110000001110100011
110000001011110100
110000001001000110
110000000110010111
110000000011101001
110000000000111011
101111111110001100
101111111011011111
101111111000110001
101111110110000011
101111110011010110
101111110000101000
101111101101111011
101111101011001110
101111101000100001
101111100101110101
101111100011001000
101111100000011100
101111011101101111
101111011011000011
101111011000010111
101111010101101100
101111010011000000
101111010000010101
101111001101101010
101111001010111110
101111001000010011
101111000101101001
101111000010111110
101111000000010100
101110111101101001
101110111010111111
101110111000010101
101110110101101100
101110110011000010
101110110000011000
101110101101101111
101110101011000110
101110101000011101
101110100101110100
101110100011001100
101110100000100011
101110011101111011
101110011011010011
101110011000101011
101110010110000011
101110010011011100
101110010000110100
101110001110001101
101110001011100110
101110001000111111
101110000110011000
101110000011110010
101110000001001011
101101111110100101
101101111011111111
101101111001011001
101101110110110011
101101110100001110
101101110001101000
101101101111000011
101101101100011110
101101101001111001
101101100111010101
101101100100110000
101101100010001100
101101011111101000
101101011101000100
101101011010100000
101101010111111101
101101010101011001
101101010010110110
101101010000010011
101101001101110000
101101001011001101
101101001000101011
101101000110001001
101101000011100110
101101000001000100
101100111110100011
101100111100000001
101100111001100000
101100110110111110
101100110100011101
101100110001111101
101100101111011100
101100101100111011
101100101010011011
101100100111111011
101100100101011011
101100100010111011
101100100000011100
101100011101111101
101100011011011101
101100011000111110
101100010110100000
101100010100000001
101100010001100011
101100001111000100
101100001100100110
101100001010001000
101100000111101011
101100000101001101
101100000010110000
101100000000010011
101011111101110110
101011111011011001
101011111000111101
101011110110100001
101011110100000101
101011110001101001
101011101111001101
101011101100110001
101011101010010110
101011100111111011
101011100101100000
101011100011000101
101011100000101011
101011011110010000
101011011011110110
101011011001011100
101011010111000011
101011010100101001
101011010010010000
101011001111110111
101011001101011110
101011001011000101
101011001000101100
101011000110010100
101011000011111100
101011000001100100
101010111111001100
101010111100110101
101010111010011101
101010111000000110
101010110101101111
101010110011011001
101010110001000010
101010101110101100
101010101100010110
101010101010000000
101010100111101010
101010100101010100
101010100010111111
101010100000101010
101010011110010101
101010011100000001
101010011001101100
101010010111011000
101010010101000100
101010010010110000
101010010000011100
101010001110001001
101010001011110110
101010001001100011
101010000111010000
101010000100111101
101010000010101011
101010000000011001
101001111110000111
101001111011110101
101001111001100100
101001110111010010
101001110101000001
101001110010110000
101001110000100000
101001101110001111
101001101011111111
101001101001101111
101001100111011111
101001100101010000
101001100011000000
101001100000110001
101001011110100010
101001011100010100
101001011010000101
101001010111110111
101001010101101001
101001010011011011
101001010001001101
101001001111000000
101001001100110011
101001001010100110
101001001000011001
101001000110001100
101001000100000000
101001000001110100
101000111111101000
101000111101011101
101000111011010001
101000111001000110
101000110110111011
101000110100110000
101000110010100110
101000110000011011
101000101110010001
101000101100000111
101000101001111110
101000100111110100
101000100101101011
101000100011100010
101000100001011010
101000011111010001
101000011101001001
101000011011000001
101000011000111001
101000010110110001
101000010100101010
101000010010100011
101000010000011100
101000001110010101
101000001100001111
101000001010001001
101000001000000011
101000000101111101
101000000011110111
101000000001110010
100111111111101101
100111111101101000
100111111011100011
100111111001011111
100111110111011011
100111110101010111
100111110011010011
100111110001010000
100111101111001101
100111101101001010
100111101011000111
100111101001000100
100111100111000010
100111100101000000
100111100010111110
100111100000111101
100111011110111011
100111011100111010
100111011010111001
100111011000111001
100111010110111000
100111010100111000
100111010010111000
100111010000111001
100111001110111001
100111001100111010
100111001010111011
100111001000111100
100111000110111110
100111000101000000
100111000011000010
100111000001000100
100110111111000110
100110111101001001
100110111011001100
100110111001001111
100110110111010011
100110110101010111
100110110011011010
100110110001011111
100110101111100011
100110101101101000
100110101011101101
100110101001110010
100110100111110111
100110100101111101
100110100100000011
100110100010001001
100110100000001111
100110011110010110
100110011100011101
100110011010100100
100110011000101011
100110010110110011
100110010100111011
100110010011000011
100110010001001011
100110001111010100
100110001101011101
100110001011100110
100110001001101111
100110000111111001
100110000110000010
100110000100001101
100110000010010111
100110000000100010
100101111110101100
100101111100110111
100101111011000011
100101111001001110
100101110111011010
100101110101100110
100101110011110011
100101110001111111
100101110000001100
100101101110011001
100101101100100111
100101101010110100
100101101001000010
100101100111010000
100101100101011111
100101100011101101
100101100001111100
100101100000001011
100101011110011011
100101011100101010
100101011010111010
100101011001001010
100101010111011011
100101010101101100
100101010011111100
100101010010001110
100101010000011111
100101001110110001
100101001101000011
100101001011010101
100101001001101000
100101000111111010
100101000110001101
100101000100100001
100101000010110100
100101000001001000
100100111111011100
100100111101110000
100100111100000101
100100111010011010
100100111000101111
100100110111000100
100100110101011010
100100110011101111
100100110010000110
100100110000011100
100100101110110011
100100101101001010
100100101011100001
100100101001111000
100100101000010000
100100100110101000
100100100101000000
100100100011011001
100100100001110001
100100100000001010
100100011110100100
100100011100111101
100100011011010111
100100011001110001
100100011000001100
100100010110100110
100100010101000001
100100010011011100
100100010001111000
100100010000010011
100100001110101111
100100001101001100
100100001011101000
100100001010000101
100100001000100010
100100000110111111
100100000101011101
100100000011111011
100100000010011001
100100000000110111
100011111111010110
100011111101110101
100011111100010100
100011111010110011
100011111001010011
100011110111110011
100011110110010011
100011110100110100
100011110011010101
100011110001110110
100011110000010111
100011101110111001
100011101101011011
100011101011111101
100011101010011111
100011101001000010
100011100111100101
100011100110001000
100011100100101100
100011100011010000
100011100001110100
100011100000011000
100011011110111101
100011011101100010
100011011100000111
100011011010101100
100011011001010010
100011010111111000
100011010110011110
100011010101000101
100011010011101100
100011010010010011
100011010000111010
100011001111100010
100011001110001010
100011001100110010
100011001011011011
100011001010000011
100011001000101100
100011000111010110
100011000101111111
100011000100101001
100011000011010011
100011000001111110
100011000000101001
100010111111010100
100010111101111111
100010111100101010
100010111011010110
100010111010000010
100010111000101111
100010110111011100
100010110110001001
100010110100110110
100010110011100011
100010110010010001
100010110000111111
100010101111101110
100010101110011100
100010101101001011
100010101011111010
100010101010101010
100010101001011010
100010101000001010
100010100110111010
100010100101101011
100010100100011100
100010100011001101
100010100001111110
100010100000110000
100010011111100010
100010011110010101
100010011101000111
100010011011111010
100010011010101101
100010011001100001
100010011000010101
100010010111001001
100010010101111101
100010010100110010
100010010011100111
100010010010011100
100010010001010001
100010010000000111
100010001110111101
100010001101110011
100010001100101010
100010001011100001
100010001010011000
100010001001010000
100010001000000111
100010000111000000
100010000101111000
100010000100110001
100010000011101001
100010000010100011
100010000001011100
100010000000010110
100001111111010000
100001111110001011
100001111101000101
100001111100000000
100001111010111011
100001111001110111
100001111000110011
100001110111101111
100001110110101011
100001110101101000
100001110100100101
100001110011100010
100001110010100000
100001110001011110
100001110000011100
100001101111011010
100001101110011001
100001101101011000
100001101100010111
100001101011010111
100001101010010111
100001101001010111
100001101000011000
100001100111011000
100001100110011001
100001100101011011
100001100100011101
100001100011011110
100001100010100001
100001100001100011
100001100000100110
100001011111101001
100001011110101101
100001011101110000
100001011100110100
100001011011111001
100001011010111101
100001011010000010
100001011001000111
100001011000001101
100001010111010011
100001010110011001
100001010101011111
100001010100100110
100001010011101101
100001010010110100
100001010001111100
100001010001000011
100001010000001100
100001001111010100
100001001110011101
100001001101100110
100001001100101111
100001001011111001
100001001011000011
100001001010001101
100001001001010111
100001001000100010
100001000111101101
100001000110111001
100001000110000100
100001000101010001
100001000100011101
100001000011101001
100001000010110110
100001000010000100
100001000001010001
100001000000011111
100000111111101101
100000111110111011
100000111110001010
100000111101011001
100000111100101000
100000111011111000
100000111011001000
100000111010011000
100000111001101001
100000111000111001
100000111000001010
100000110111011100
100000110110101101
100000110101111111
100000110101010010
100000110100100100
100000110011110111
100000110011001010
100000110010011110
100000110001110010
100000110001000110
100000110000011010
100000101111101111
100000101111000100
100000101110011001
100000101101101111
100000101101000101
100000101100011011
100000101011110001
100000101011001000
100000101010011111
100000101001110111
100000101001001111
100000101000100111
100000100111111111
100000100111010111
100000100110110000
100000100110001010
100000100101100011
100000100100111101
100000100100010111
100000100011110010
100000100011001100
100000100010100111
100000100010000011
100000100001011110
100000100000111010
100000100000010111
100000011111110011
100000011111010000
100000011110101101
100000011110001011
100000011101101000
100000011101000111
100000011100100101
100000011100000100
100000011011100011
100000011011000010
100000011010100010
100000011010000001
100000011001100010
100000011001000010
100000011000100011
100000011000000100
100000010111100110
100000010111000111
100000010110101001
100000010110001100
100000010101101110
100000010101010001
100000010100110101
100000010100011000
100000010011111100
100000010011100000
100000010011000101
100000010010101001
100000010010001110
100000010001110100
100000010001011010
100000010001000000
100000010000100110
100000010000001101
100000001111110011
100000001111011011
100000001111000010
100000001110101010
100000001110010010
100000001101111011
100000001101100011
100000001101001101
100000001100110110
100000001100100000
100000001100001010
100000001011110100
100000001011011111
100000001011001001
100000001010110101
100000001010100000
100000001010001100
100000001001111000
100000001001100101
100000001001010001
100000001000111110
100000001000101100
100000001000011001
100000001000000111
100000000111110110
100000000111100100
100000000111010011
100000000111000010
100000000110110010
100000000110100010
100000000110010010
100000000110000010
100000000101110011
100000000101100100
100000000101010110
100000000101000111
100000000100111001
100000000100101011
100000000100011110
100000000100010001
100000000100000100
100000000011111000
100000000011101011
100000000011100000
100000000011010100
100000000011001001
100000000010111110
100000000010110011
100000000010101001
100000000010011111
100000000010010101
100000000010001100
100000000010000011
100000000001111010
100000000001110001
100000000001101001
100000000001100001
100000000001011010
100000000001010011
100000000001001100
100000000001000101
100000000000111111
100000000000111001
100000000000110011
100000000000101110
100000000000101000
100000000000100100
100000000000011111
100000000000011011
100000000000010111
100000000000010100
100000000000010000
100000000000001101
100000000000001011
100000000000001001
100000000000000111
100000000000000101
100000000000000011
100000000000000010
100000000000000010
100000000000000001
100000000000000001
100000000000000001
100000000000000010
100000000000000010
100000000000000011
100000000000000101
100000000000000111
100000000000001001
100000000000001011
100000000000001101
100000000000010000
100000000000010100
100000000000010111
100000000000011011
100000000000011111
100000000000100100
100000000000101000
100000000000101110
100000000000110011
100000000000111001
100000000000111111
100000000001000101
100000000001001100
100000000001010011
100000000001011010
100000000001100001
100000000001101001
100000000001110001
100000000001111010
100000000010000011
100000000010001100
100000000010010101
100000000010011111
100000000010101001
100000000010110011
100000000010111110
100000000011001001
100000000011010100
100000000011100000
100000000011101011
100000000011111000
100000000100000100
100000000100010001
100000000100011110
100000000100101011
100000000100111001
100000000101000111
100000000101010110
100000000101100100
100000000101110011
100000000110000010
100000000110010010
100000000110100010
100000000110110010
100000000111000010
100000000111010011
100000000111100100
100000000111110110
100000001000000111
100000001000011001
100000001000101100
100000001000111110
100000001001010001
100000001001100101
100000001001111000
100000001010001100
100000001010100000
100000001010110101
100000001011001001
100000001011011111
100000001011110100
100000001100001010
100000001100100000
100000001100110110
100000001101001101
100000001101100011
100000001101111011
100000001110010010
100000001110101010
100000001111000010
100000001111011011
100000001111110011
100000010000001101
100000010000100110
100000010001000000
100000010001011010
100000010001110100
100000010010001110
100000010010101001
100000010011000101
100000010011100000
100000010011111100
100000010100011000
100000010100110101
100000010101010001
100000010101101110
100000010110001100
100000010110101001
100000010111000111
100000010111100110
100000011000000100
100000011000100011
100000011001000010
100000011001100010
100000011010000001
100000011010100010
100000011011000010
100000011011100011
100000011100000100
100000011100100101
100000011101000111
100000011101101000
100000011110001011
100000011110101101
100000011111010000
100000011111110011
100000100000010111
100000100000111010
100000100001011110
100000100010000011
100000100010100111
100000100011001100
100000100011110010
100000100100010111
100000100100111101
100000100101100011
100000100110001010
100000100110110000
100000100111010111
100000100111111111
100000101000100111
100000101001001111
100000101001110111
100000101010011111
100000101011001000
100000101011110001
100000101100011011
100000101101000101
100000101101101111
100000101110011001
100000101111000100
100000101111101111
100000110000011010
100000110001000110
100000110001110010
100000110010011110
100000110011001010
100000110011110111
100000110100100100
100000110101010010
100000110101111111
100000110110101101
100000110111011100
100000111000001010
100000111000111001
100000111001101001
100000111010011000
100000111011001000
100000111011111000
100000111100101000
100000111101011001
100000111110001010
100000111110111011
100000111111101101
100001000000011111
100001000001010001
100001000010000100
100001000010110110
100001000011101001
100001000100011101
100001000101010001
100001000110000100
100001000110111001
100001000111101101
100001001000100010
100001001001010111
100001001010001101
100001001011000011
100001001011111001
100001001100101111
100001001101100110
100001001110011101
100001001111010100
100001010000001100
100001010001000011
100001010001111100
100001010010110100
100001010011101101
100001010100100110
100001010101011111
100001010110011001
100001010111010011
100001011000001101
100001011001000111
100001011010000010
100001011010111101
100001011011111001
100001011100110100
100001011101110000
100001011110101101
100001011111101001
100001100000100110
100001100001100011
100001100010100001
100001100011011110
100001100100011101
100001100101011011
100001100110011001
100001100111011000
100001101000011000
100001101001010111
100001101010010111
100001101011010111
100001101100010111
100001101101011000
100001101110011001
100001101111011010
100001110000011100
100001110001011110
100001110010100000
100001110011100010
100001110100100101
100001110101101000
100001110110101011
100001110111101111
100001111000110011
100001111001110111
100001111010111011
100001111100000000
100001111101000101
100001111110001011
100001111111010000
100010000000010110
100010000001011100
100010000010100011
100010000011101001
100010000100110001
100010000101111000
100010000111000000
100010001000000111
100010001001010000
100010001010011000
100010001011100001
100010001100101010
100010001101110011
100010001110111101
100010010000000111
100010010001010001
100010010010011100
100010010011100111
100010010100110010
100010010101111101
100010010111001001
100010011000010101
100010011001100001
100010011010101101
100010011011111010
100010011101000111
100010011110010101
100010011111100010
100010100000110000
100010100001111110
100010100011001101
100010100100011100
100010100101101011
100010100110111010
100010101000001010
100010101001011010
100010101010101010
100010101011111010
100010101101001011
100010101110011100
100010101111101110
100010110000111111
100010110010010001
100010110011100011
100010110100110110
100010110110001001
100010110111011100
100010111000101111
100010111010000010
100010111011010110
100010111100101010
100010111101111111
100010111111010100
100011000000101001
100011000001111110
100011000011010011
100011000100101001
100011000101111111
100011000111010110
100011001000101100
100011001010000011
100011001011011011
100011001100110010
100011001110001010
100011001111100010
100011010000111010
100011010010010011
100011010011101100
100011010101000101
100011010110011110
100011010111111000
100011011001010010
100011011010101100
100011011100000111
100011011101100010
100011011110111101
100011100000011000
100011100001110100
100011100011010000
100011100100101100
100011100110001000
100011100111100101
100011101001000010
100011101010011111
100011101011111101
100011101101011011
100011101110111001
100011110000010111
100011110001110110
100011110011010101
100011110100110100
100011110110010011
100011110111110011
100011111001010011
100011111010110011
100011111100010100
100011111101110101
100011111111010110
100100000000110111
100100000010011001
100100000011111011
100100000101011101
100100000110111111
100100001000100010
100100001010000101
100100001011101000
100100001101001100
100100001110101111
100100010000010011
100100010001111000
100100010011011100
100100010101000001
100100010110100110
100100011000001100
100100011001110001
100100011011010111
100100011100111101
100100011110100100
100100100000001010
100100100001110001
100100100011011001
100100100101000000
100100100110101000
100100101000010000
100100101001111000
100100101011100001
100100101101001010
100100101110110011
100100110000011100
100100110010000110
100100110011101111
100100110101011010
100100110111000100
100100111000101111
100100111010011010
100100111100000101
100100111101110000
100100111111011100
100101000001001000
100101000010110100
100101000100100001
100101000110001101
100101000111111010
100101001001101000
100101001011010101
100101001101000011
100101001110110001
100101010000011111
100101010010001110
100101010011111100
100101010101101100
100101010111011011
100101011001001010
100101011010111010
100101011100101010
100101011110011011
100101100000001011
100101100001111100
100101100011101101
100101100101011111
100101100111010000
100101101001000010
100101101010110100
100101101100100111
100101101110011001
100101110000001100
100101110001111111
100101110011110011
100101110101100110
100101110111011010
100101111001001110
100101111011000011
100101111100110111
100101111110101100
100110000000100010
100110000010010111
100110000100001101
100110000110000010
100110000111111001
100110001001101111
100110001011100110
100110001101011101
100110001111010100
100110010001001011
100110010011000011
100110010100111011
100110010110110011
100110011000101011
100110011010100100
100110011100011101
100110011110010110
100110100000001111
100110100010001001
100110100100000011
100110100101111101
100110100111110111
100110101001110010
100110101011101101
100110101101101000
100110101111100011
100110110001011111
100110110011011010
100110110101010111
100110110111010011
100110111001001111
100110111011001100
100110111101001001
100110111111000110
100111000001000100
100111000011000010
100111000101000000
100111000110111110
100111001000111100
100111001010111011
100111001100111010
100111001110111001
100111010000111001
100111010010111000
100111010100111000
100111010110111000
100111011000111001
100111011010111001
100111011100111010
100111011110111011
100111100000111101
100111100010111110
100111100101000000
100111100111000010
100111101001000100
100111101011000111
100111101101001010
100111101111001101
100111110001010000
100111110011010011
100111110101010111
100111110111011011
100111111001011111
100111111011100011
100111111101101000
100111111111101101
101000000001110010
101000000011110111
101000000101111101
101000001000000011
101000001010001001
101000001100001111
101000001110010101
101000010000011100
101000010010100011
101000010100101010
101000010110110001
101000011000111001
101000011011000001
101000011101001001
101000011111010001
101000100001011010
101000100011100010
101000100101101011
101000100111110100
101000101001111110
101000101100000111
101000101110010001
101000110000011011
101000110010100110
101000110100110000
101000110110111011
101000111001000110
101000111011010001
101000111101011101
101000111111101000
101001000001110100
101001000100000000
101001000110001100
101001001000011001
101001001010100110
101001001100110011
101001001111000000
101001010001001101
101001010011011011
101001010101101001
101001010111110111
101001011010000101
101001011100010100
101001011110100010
101001100000110001
101001100011000000
101001100101010000
101001100111011111
101001101001101111
101001101011111111
101001101110001111
101001110000100000
101001110010110000
101001110101000001
101001110111010010
101001111001100100
101001111011110101
101001111110000111
101010000000011001
101010000010101011
101010000100111101
101010000111010000
101010001001100011
101010001011110110
101010001110001001
101010010000011100
101010010010110000
101010010101000100
101010010111011000
101010011001101100
101010011100000001
101010011110010101
101010100000101010
101010100010111111
101010100101010100
101010100111101010
101010101010000000
101010101100010110
101010101110101100
101010110001000010
101010110011011001
101010110101101111
101010111000000110
101010111010011101
101010111100110101
101010111111001100
101011000001100100
101011000011111100
101011000110010100
101011001000101100
101011001011000101
101011001101011110
101011001111110111
101011010010010000
101011010100101001
101011010111000011
101011011001011100
101011011011110110
101011011110010000
101011100000101011
101011100011000101
101011100101100000
101011100111111011
101011101010010110
101011101100110001
101011101111001101
101011110001101001
101011110100000101
101011110110100001
101011111000111101
101011111011011001
101011111101110110
101100000000010011
101100000010110000
101100000101001101
101100000111101011
101100001010001000
101100001100100110
101100001111000100
101100010001100011
101100010100000001
101100010110100000
101100011000111110
101100011011011101
101100011101111101
101100100000011100
101100100010111011
101100100101011011
101100100111111011
101100101010011011
101100101100111011
101100101111011100
101100110001111101
101100110100011101
101100110110111110
101100111001100000
101100111100000001
101100111110100011
101101000001000100
101101000011100110
101101000110001001
101101001000101011
101101001011001101
101101001101110000
101101010000010011
101101010010110110
101101010101011001
101101010111111101
101101011010100000
101101011101000100
101101011111101000
101101100010001100
101101100100110000
101101100111010101
101101101001111001
101101101100011110
101101101111000011
101101110001101000
101101110100001110
101101110110110011
101101111001011001
101101111011111111
101101111110100101
101110000001001011
101110000011110010
101110000110011000
101110001000111111
101110001011100110
101110001110001101
101110010000110100
101110010011011100
101110010110000011
101110011000101011
101110011011010011
101110011101111011
101110100000100011
101110100011001100
101110100101110100
101110101000011101
101110101011000110
101110101101101111
101110110000011000
101110110011000010
101110110101101100
101110111000010101
101110111010111111
101110111101101001
101111000000010100
101111000010111110
101111000101101001
101111001000010011
101111001010111110
101111001101101010
101111010000010101
101111010011000000
101111010101101100
101111011000010111
101111011011000011
101111011101101111
101111100000011100
101111100011001000
101111100101110101
101111101000100001
101111101011001110
101111101101111011
101111110000101000
101111110011010110
101111110110000011
101111111000110001
101111111011011111
101111111110001100
110000000000111011
110000000011101001
110000000110010111
110000001001000110
110000001011110100
110000001110100011
110000010001010010
110000010100000010
110000010110110001
110000011001100000
110000011100010000
110000011111000000
110000100001110000
110000100100100000
110000100111010000
110000101010000000
110000101100110001
110000101111100001
110000110010010010
110000110101000011
110000110111110100
110000111010100110
110000111101010111
110001000000001000
110001000010111010
110001000101101100
110001001000011110
110001001011010000
110001001110000010
110001010000110101
110001010011100111
110001010110011010
110001011001001101
110001011100000000
110001011110110011
110001100001100110
110001100100011001
110001100111001101
110001101010000001
110001101100110100
110001101111101000
110001110010011100
110001110101010001
110001111000000101
110001111010111010
110001111101101110
110010000000100011
110010000011011000
110010000110001101
110010001001000010
110010001011110111
110010001110101101
110010010001100010
110010010100011000
110010010111001110
110010011010000100
110010011100111010
110010011111110000
110010100010100110
110010100101011101
110010101000010011
110010101011001010
110010101110000001
110010110000111000
110010110011101111
110010110110100110
110010111001011110
110010111100010101
110010111111001101
110011000010000101
110011000100111100
110011000111110100
110011001010101101
110011001101100101
110011010000011101
110011010011010110
110011010110001110
110011011001000111
110011011100000000
110011011110111001
110011100001110010
110011100100101011
110011100111100101
110011101010011110
110011101101011000
110011110000010001
110011110011001011
110011110110000101
110011111000111111
110011111011111001
110011111110110100
110100000001101110
110100000100101000
110100000111100011
110100001010011110
110100001101011001
110100010000010100
110100010011001111
110100010110001010
110100011001000101
110100011100000001
110100011110111100
110100100001111000
110100100100110100
110100100111101111
110100101010101011
110100101101101000
110100110000100100
110100110011100000
110100110110011100
110100111001011001
110100111100010110
110100111111010010
110101000010001111
110101000101001100
110101001000001001
110101001011000110
110101001110000100
110101010001000001
110101010011111110
110101010110111100
110101011001111010
110101011100110111
110101011111110101
110101100010110011
110101100101110001
110101101000101111
110101101011101110
110101101110101100
110101110001101011
110101110100101001
110101110111101000
110101111010100111
110101111101100101
110110000000100100
110110000011100011
110110000110100011
110110001001100010
110110001100100001
110110001111100001
110110010010100000
110110010101100000
110110011000011111
110110011011011111
110110011110011111
110110100001011111
110110100100011111
110110100111011111
110110101010100000
110110101101100000
110110110000100001
110110110011100001
110110110110100010
110110111001100010
110110111100100011
110110111111100100
110111000010100101
110111000101100110
110111001000100111
110111001011101001
110111001110101010
110111010001101011
110111010100101101
110111010111101110
110111011010110000
110111011101110010
110111100000110100
110111100011110101
110111100110110111
110111101001111001
110111101100111100
110111101111111110
110111110011000000
110111110110000011
110111111001000101
110111111100001000
110111111111001010
111000000010001101
111000000101010000
111000001000010010
111000001011010101
111000001110011000
111000010001011011
111000010100011111
111000010111100010
111000011010100101
111000011101101000
111000100000101100
111000100011101111
111000100110110011
111000101001110111
111000101100111010
111000101111111110
111000110011000010
111000110110000110
111000111001001010
111000111100001110
111000111111010010
111001000010010110
111001000101011011
111001001000011111
111001001011100011
111001001110101000
111001010001101100
111001010100110001
111001010111110110
111001011010111010
111001011101111111
111001100001000100
111001100100001001
111001100111001110
111001101010010011
111001101101011000
111001110000011101
111001110011100011
111001110110101000
111001111001101101
111001111100110011
111001111111111000
111010000010111110
111010000110000011
111010001001001001
111010001100001110
111010001111010100
111010010010011010
111010010101100000
111010011000100110
111010011011101100
111010011110110010
111010100001111000
111010100100111110
111010101000000100
111010101011001010
111010101110010001
111010110001010111
111010110100011101
111010110111100100
111010111010101010
111010111101110001
111011000000110111
111011000011111110
111011000111000101
111011001010001011
111011001101010010
111011010000011001
111011010011100000
111011010110100111
111011011001101110
111011011100110101
111011011111111100
111011100011000011
111011100110001010
111011101001010001
111011101100011000
111011101111100000
111011110010100111
111011110101101110
111011111000110110
111011111011111101
111011111111000100
111100000010001100
111100000101010100
111100001000011011
111100001011100011
111100001110101010
111100010001110010
111100010100111010
111100011000000001
111100011011001001
111100011110010001
111100100001011001
111100100100100001
111100100111101001
111100101010110001
111100101101111001
111100110001000001
111100110100001001
111100110111010001
111100111010011001
111100111101100001
111101000000101001
111101000011110001
111101000110111010
111101001010000010
111101001101001010
111101010000010010
111101010011011011
111101010110100011
111101011001101100
111101011100110100
111101011111111100
111101100011000101
111101100110001101
111101101001010110
111101101100011110
111101101111100111
111101110010101111
111101110101111000
111101111001000001
111101111100001001
111101111111010010
111110000010011011
111110000101100011
111110001000101100
111110001011110101
111110001110111110
111110010010000110
111110010101001111
111110011000011000
111110011011100001
111110011110101001
111110100001110010
111110100100111011
111110101000000100
111110101011001101
111110101110010110
111110110001011111
111110110100101000
111110110111110001
111110111010111010
111110111110000010
111111000001001011
111111000100010100
111111000111011101
111111001010100110
111111001101101111
111111010000111000
111111010100000001
111111010111001010
111111011010010011
111111011101011100
111111100000100101
111111100011101111
111111100110111000
111111101010000001
111111101101001010
111111110000010011
111111110011011100
111111110110100101
111111111001101110
111111111100110111
000000000000000000
000000000011001001
000000000110010010
000000001001011011
000000001100100100
000000001111101101
000000010010110110
000000010101111111
000000011001001000
000000011100010001
000000011111011011
000000100010100100
000000100101101101
000000101000110110
000000101011111111
000000101111001000
000000110010010001
000000110101011010
000000111000100011
000000111011101100
000000111110110101
000001000001111110
000001000101000110
000001001000001111
000001001011011000
000001001110100001
000001010001101010
000001010100110011
000001010111111100
000001011011000101
000001011110001110
000001100001010111
000001100100011111
000001100111101000
000001101010110001
000001101101111010
000001110001000010
000001110100001011
000001110111010100
000001111010011101
000001111101100101
000010000000101110
000010000011110111
000010000110111111
000010001010001000
000010001101010001
000010010000011001
000010010011100010
000010010110101010
000010011001110011
000010011100111011
000010100000000100
000010100011001100
000010100110010100
000010101001011101
000010101100100101
000010101111101110
000010110010110110
000010110101111110
000010111001000110
000010111100001111
000010111111010111
000011000010011111
000011000101100111
000011001000101111
000011001011110111
000011001110111111
000011010010000111
000011010101001111
000011011000010111
000011011011011111
000011011110100111
000011100001101111
000011100100110111
000011100111111111
000011101011000110
000011101110001110
000011110001010110
000011110100011101
000011110111100101
000011111010101100
000011111101110100
000100000000111100
000100000100000011
000100000111001010
000100001010010010
000100001101011001
000100010000100000
000100010011101000
000100010110101111
000100011001110110
000100011100111101
000100100000000100
000100100011001011
000100100110010010
000100101001011001
000100101100100000
000100101111100111
000100110010101110
000100110101110101
000100111000111011
000100111100000010
000100111111001001
000101000010001111
000101000101010110
000101001000011100
000101001011100011
000101001110101001
000101010001101111
000101010100110110
000101010111111100
000101011011000010
000101011110001000
000101100001001110
000101100100010100
000101100111011010
000101101010100000
000101101101100110
000101110000101100
000101110011110010
000101110110110111
000101111001111101
000101111101000010
000110000000001000
000110000011001101
000110000110010011
000110001001011000
000110001100011101
000110001111100011
000110010010101000
000110010101101101
000110011000110010
000110011011110111
000110011110111100
000110100010000001
000110100101000110
000110101000001010
000110101011001111
000110101110010100
000110110001011000
000110110100011101
000110110111100001
000110111010100101
000110111101101010
000111000000101110
000111000011110010
000111000110110110
000111001001111010
000111001100111110
000111010000000010
000111010011000110
000111010110001001
000111011001001101
000111011100010001
000111011111010100
000111100010011000
000111100101011011
000111101000011110
000111101011100001
000111101110100101
000111110001101000
000111110100101011
000111110111101110
000111111010110000
000111111101110011
001000000000110110
001000000011111000
001000000110111011
001000001001111101
001000001101000000
001000010000000010
001000010011000100
001000010110000111
001000011001001001
001000011100001011
001000011111001100
001000100010001110
001000100101010000
001000101000010010
001000101011010011
001000101110010101
001000110001010110
001000110100010111
001000110111011001
001000111010011010
001000111101011011
001001000000011100
001001000011011101
001001000110011110
001001001001011110
001001001100011111
001001001111011111
001001010010100000
001001010101100000
001001011000100001
001001011011100001
001001011110100001
001001100001100001
001001100100100001
001001100111100001
001001101010100000
001001101101100000
001001110000011111
001001110011011111
001001110110011110
001001111001011101
001001111100011101
001001111111011100
001010000010011011
001010000101011001
001010001000011000
001010001011010111
001010001110010101
001010010001010100
001010010100010010
001010010111010001
001010011010001111
001010011101001101
001010100000001011
001010100011001001
001010100110000110
001010101001000100
001010101100000010
001010101110111111
001010110001111100
001010110100111010
001010110111110111
001010111010110100
001010111101110001
001011000000101110
001011000011101010
001011000110100111
001011001001100100
001011001100100000
001011001111011100
001011010010011000
001011010101010101
001011011000010001
001011011011001100
001011011110001000
001011100001000100
001011100011111111
001011100110111011
001011101001110110
001011101100110001
001011101111101100
001011110010100111
001011110101100010
001011111000011101
001011111011011000
001011111110010010
001100000001001100
001100000100000111
001100000111000001
001100001001111011
001100001100110101
001100001111101111
001100010010101000
001100010101100010
001100011000011011
001100011011010101
001100011110001110
001100100001000111
001100100100000000
001100100110111001
001100101001110010
001100101100101010
001100101111100011
001100110010011011
001100110101010011
001100111000001100
001100111011000100
001100111101111011
001101000000110011
001101000011101011
001101000110100010
001101001001011010
001101001100010001
001101001111001000
001101010001111111
001101010100110110
001101010111101101
001101011010100011
001101011101011010
001101100000010000
001101100011000110
001101100101111100
001101101000110010
001101101011101000
001101101110011110
001101110001010011
001101110100001001
001101110110111110
001101111001110011
001101111100101000
001101111111011101
001110000010010010
001110000101000110
001110000111111011
001110001010101111
001110001101100100
001110010000011000
001110010011001100
001110010101111111
001110011000110011
001110011011100111
001110011110011010
001110100001001101
001110100100000000
001110100110110011
001110101001100110
001110101100011001
001110101111001011
001110110001111110
001110110100110000
001110110111100010
001110111010010100
001110111101000110
001110111111111000
001111000010101001
001111000101011010
001111001000001100
001111001010111101
001111001101101110
001111010000011111
001111010011001111
001111010110000000
001111011000110000
001111011011100000
001111011110010000
001111100001000000
001111100011110000
001111100110100000
001111101001001111
001111101011111110
001111101110101110
001111110001011101
001111110100001100
001111110110111010
001111111001101001
001111111100010111
001111111111000101
010000000001110100
010000000100100001
010000000111001111
010000001001111101
010000001100101010
010000001111011000
010000010010000101
010000010100110010
010000010111011111
010000011010001011
010000011100111000
010000011111100100
010000100010010001
010000100100111101
010000100111101001
010000101010010100
010000101101000000
010000101111101011
010000110010010110
010000110101000010
010000110111101101
010000111010010111
010000111101000010
010000111111101100
010001000010010111
010001000101000001
010001000111101011
010001001010010100
010001001100111110
010001001111101000
010001010010010001
010001010100111010
010001010111100011
010001011010001100
010001011100110100
010001011111011101
010001100010000101
010001100100101101
010001100111010101
010001101001111101
010001101100100100
010001101111001100
010001110001110011
010001110100011010
010001110111000001
010001111001101000
010001111100001110
010001111110110101
010010000001011011
010010000100000001
010010000110100111
010010001001001101
010010001011110010
010010001110011000
010010010000111101
010010010011100010
010010010110000111
010010011000101011
010010011011010000
010010011101110100
010010100000011000
010010100010111100
010010100101100000
010010101000000011
010010101010100111
010010101101001010
010010101111101101
010010110010010000
010010110100110011
010010110111010101
010010111001110111
010010111100011010
010010111110111100
010011000001011101
010011000011111111
010011000110100000
010011001001000010
010011001011100011
010011001110000011
010011010000100100
010011010011000101
010011010101100101
010011011000000101
010011011010100101
010011011101000101
010011011111100100
010011100010000011
010011100100100011
010011100111000010
010011101001100000
010011101011111111
010011101110011101
010011110000111100
010011110011011010
010011110101111000
010011111000010101
010011111010110011
010011111101010000
010011111111101101
010100000010001010
010100000100100111
010100000111000011
010100001001011111
010100001011111011
010100001110010111
010100010000110011
010100010011001111
010100010101101010
010100011000000101
010100011010100000
010100011100111011
010100011111010101
010100100001110000
010100100100001010
010100100110100100
010100101000111101
010100101011010111
010100101101110000
010100110000001001
010100110010100010
010100110100111011
010100110111010100
010100111001101100
010100111100000100
010100111110011100
010101000000110100
010101000011001011
010101000101100011
010101000111111010
010101001010010001
010101001100100111
010101001110111110
010101010001010100
010101010011101010
010101010110000000
010101011000010110
010101011010101100
010101011101000001
010101011111010110
010101100001101011
010101100011111111
010101100110010100
010101101000101000
010101101010111100
010101101101010000
010101101111100100
010101110001110111
010101110100001010
010101110110011101
010101111000110000
010101111011000011
010101111101010101
010101111111100111
010110000001111001
010110000100001011
010110000110011100
010110001000101110
010110001010111111
010110001101010000
010110001111100000
010110010001110001
010110010100000001
010110010110010001
010110011000100001
010110011010110000
010110011101000000
010110011111001111
010110100001011110
010110100011101100
010110100101111011
010110101000001001
010110101010010111
010110101100100101
010110101110110011
010110110001000000
010110110011001101
010110110101011010
010110110111100111
010110111001110100
010110111100000000
010110111110001100
010111000000011000
010111000010100011
010111000100101111
010111000110111010
010111001001000101
010111001011010000
010111001101011010
010111001111100101
010111010001101111
010111010011111001
010111010110000010
010111011000001100
010111011010010101
010111011100011110
010111011110100110
010111100000101111
010111100010110111
010111100100111111
010111100111000111
010111101001001111
010111101011010110
010111101101011101
010111101111100100
010111110001101011
010111110011110001
010111110101110111
010111110111111101
010111111010000011
010111111100001001
010111111110001110
011000000000010011
011000000010011000
011000000100011101
011000000110100001
011000001000100101
011000001010101001
011000001100101101
011000001110110000
011000010000110011
011000010010110110
011000010100111001
011000010110111100
011000011000111110
011000011011000000
011000011101000010
011000011111000011
011000100001000101
011000100011000110
011000100101000111
011000100111000111
011000101001001000
011000101011001000
011000101101001000
011000101111000111
011000110001000111
011000110011000110
011000110101000101
011000110111000100
011000111001000010
011000111011000000
011000111100111110
011000111110111100
011001000000111010
011001000010110111
011001000100110100
011001000110110001
011001001000101101
011001001010101001
011001001100100110
011001001110100001
011001010000011101
011001010010011000
011001010100010011
011001010110001110
011001011000001001
011001011010000011
011001011011111101
011001011101110111
011001011111110001
011001100001101010
011001100011100011
011001100101011100
011001100111010101
011001101001001101
011001101011000101
011001101100111101
011001101110110101
011001110000101100
011001110010100011
011001110100011010
011001110110010001
011001111000000111
011001111001111110
011001111011110011
011001111101101001
011001111111011110
011010000001010100
011010000011001001
011010000100111101
011010000110110010
011010001000100110
011010001010011010
011010001100001101
011010001110000001
011010001111110100
011010010001100111
011010010011011001
011010010101001100
011010010110111110
011010011000110000
011010011010100001
011010011100010011
011010011110000100
011010011111110101
011010100001100101
011010100011010110
011010100101000110
011010100110110110
011010101000100101
011010101010010100
011010101100000100
011010101101110010
011010101111100001
011010110001001111
011010110010111101
011010110100101011
011010110110011000
011010111000000110
011010111001110011
011010111011011111
011010111101001100
011010111110111000
011011000000100100
011011000010010000
011011000011111011
011011000101100110
011011000111010001
011011001000111100
011011001010100110
011011001100010001
011011001101111010
011011001111100100
011011010001001101
011011010010110110
011011010100011111
011011010110001000
011011010111110000
011011011001011000
011011011011000000
011011011100100111
011011011110001111
011011011111110110
011011100001011100
011011100011000011
011011100100101001
011011100110001111
011011100111110100
011011101001011010
011011101010111111
011011101100100100
011011101110001000
011011101111101101
011011110001010001
011011110010110100
011011110100011000
011011110101111011
011011110111011110
011011111001000001
011011111010100011
011011111100000101
011011111101100111
011011111111001001
011100000000101010
011100000010001011
011100000011101100
011100000101001101
011100000110101101
011100001000001101
011100001001101101
011100001011001100
011100001100101011
011100001110001010
011100001111101001
011100010001000111
011100010010100101
011100010100000011
011100010101100001
011100010110111110
011100011000011011
011100011001111000
011100011011010100
011100011100110000
011100011110001100
011100011111101000
011100100001000011
011100100010011110
011100100011111001
011100100101010100
011100100110101110
011100101000001000
011100101001100010
011100101010111011
011100101100010100
011100101101101101
011100101111000110
011100110000011110
011100110001110110
011100110011001110
011100110100100101
011100110101111101
011100110111010100
011100111000101010
011100111010000001
011100111011010111
011100111100101101
011100111110000010
011100111111010111
011101000000101100
011101000010000001
011101000011010110
011101000100101010
011101000101111110
011101000111010001
011101001000100100
011101001001110111
011101001011001010
011101001100011101
011101001101101111
011101001111000001
011101010000010010
011101010001100100
011101010010110101
011101010100000110
011101010101010110
011101010110100110
011101010111110110
011101011001000110
011101011010010101
011101011011100100
011101011100110011
011101011110000010
011101011111010000
011101100000011110
011101100001101011
011101100010111001
011101100100000110
011101100101010011
011101100110011111
011101100111101011
011101101000110111
011101101010000011
011101101011001110
011101101100011001
011101101101100100
011101101110101111
011101101111111001
011101110001000011
011101110010001101
011101110011010110
011101110100011111
011101110101101000
011101110110110000
011101110111111001
011101111001000000
011101111010001000
011101111011001111
011101111100010111
011101111101011101
011101111110100100
011101111111101010
011110000000110000
011110000001110101
011110000010111011
011110000100000000
011110000101000101
011110000110001001
011110000111001101
011110001000010001
011110001001010101
011110001010011000
011110001011011011
011110001100011110
011110001101100000
011110001110100010
011110001111100100
011110010000100110
011110010001100111
011110010010101000
011110010011101001
011110010100101001
011110010101101001
011110010110101001
011110010111101000
011110011000101000
011110011001100111
011110011010100101
011110011011100011
011110011100100010
011110011101011111
011110011110011101
011110011111011010
011110100000010111
011110100001010011
011110100010010000
011110100011001100
011110100100000111
011110100101000011
011110100101111110
011110100110111001
011110100111110011
011110101000101101
011110101001100111
011110101010100001
011110101011011010
011110101100010011
011110101101001100
011110101110000100
011110101110111101
011110101111110100
011110110000101100
011110110001100011
011110110010011010
011110110011010001
011110110100000111
011110110100111101
011110110101110011
011110110110101001
011110110111011110
011110111000010011
011110111001000111
011110111001111100
011110111010101111
011110111011100011
011110111100010111
011110111101001010
011110111101111100
011110111110101111
011110111111100001
011111000000010011
011111000001000101
011111000001110110
011111000010100111
011111000011011000
011111000100001000
011111000100111000
011111000101101000
011111000110010111
011111000111000111
011111000111110110
011111001000100100
011111001001010011
011111001010000001
011111001010101110
011111001011011100
011111001100001001
011111001100110110
011111001101100010
011111001110001110
011111001110111010
011111001111100110
011111010000010001
011111010000111100
011111010001100111
011111010010010001
011111010010111011
011111010011100101
011111010100001111
011111010100111000
011111010101100001
011111010110001001
011111010110110001
011111010111011001
011111011000000001
011111011000101001
011111011001010000
011111011001110110
011111011010011101
011111011011000011
011111011011101001
011111011100001110
011111011100110100
011111011101011001
011111011101111101
011111011110100010
011111011111000110
011111011111101001
011111100000001101
011111100000110000
011111100001010011
011111100001110101
011111100010011000
011111100010111001
011111100011011011
011111100011111100
011111100100011101
011111100100111110
011111100101011110
011111100101111111
011111100110011110
011111100110111110
011111100111011101
011111100111111100
011111101000011010
011111101000111001
011111101001010111
011111101001110100
011111101010010010
011111101010101111
011111101011001011
011111101011101000
011111101100000100
011111101100100000
011111101100111011
011111101101010111
011111101101110010
011111101110001100
011111101110100110
011111101111000000
011111101111011010
011111101111110011
011111110000001101
011111110000100101
011111110000111110
011111110001010110
011111110001101110
011111110010000101
011111110010011101
011111110010110011
011111110011001010
011111110011100000
011111110011110110
011111110100001100
011111110100100001
011111110100110111
011111110101001011
011111110101100000
011111110101110100
011111110110001000
011111110110011011
011111110110101111
011111110111000010
011111110111010100
011111110111100111
011111110111111001
011111111000001010
011111111000011100
011111111000101101
011111111000111110
011111111001001110
011111111001011110
011111111001101110
011111111001111110
011111111010001101
011111111010011100
011111111010101010
011111111010111001
011111111011000111
011111111011010101
011111111011100010
011111111011101111
011111111011111100
011111111100001000
011111111100010101
011111111100100000
011111111100101100
011111111100110111
011111111101000010
011111111101001101
011111111101010111
011111111101100001
011111111101101011
011111111101110100
011111111101111101
011111111110000110
011111111110001111
011111111110010111
011111111110011111
011111111110100110
011111111110101101
011111111110110100
011111111110111011
011111111111000001
011111111111000111
011111111111001101
011111111111010010
011111111111011000
011111111111011100
011111111111100001
011111111111100101
011111111111101001
011111111111101100
011111111111110000
011111111111110011
011111111111110101
011111111111110111
011111111111111001
011111111111111011
011111111111111101
011111111111111110
011111111111111110
011111111111111111
011111111111111111
011111111111111111
011111111111111110
011111111111111110
011111111111111101
011111111111111011
011111111111111001
011111111111110111
011111111111110101
011111111111110011
011111111111110000
011111111111101100
011111111111101001
011111111111100101
011111111111100001
011111111111011100
011111111111011000
011111111111010010
011111111111001101
011111111111000111
011111111111000001
011111111110111011
011111111110110100
011111111110101101
011111111110100110
011111111110011111
011111111110010111
011111111110001111
011111111110000110
011111111101111101
011111111101110100
011111111101101011
011111111101100001
011111111101010111
011111111101001101
011111111101000010
011111111100110111
011111111100101100
011111111100100000
011111111100010101
011111111100001000
011111111011111100
011111111011101111
011111111011100010
011111111011010101
011111111011000111
011111111010111001
011111111010101010
011111111010011100
011111111010001101
011111111001111110
011111111001101110
011111111001011110
011111111001001110
011111111000111110
011111111000101101
011111111000011100
011111111000001010
011111110111111001
011111110111100111
011111110111010100
011111110111000010
011111110110101111
011111110110011011
011111110110001000
011111110101110100
011111110101100000
011111110101001011
011111110100110111
011111110100100001
011111110100001100
011111110011110110
011111110011100000
011111110011001010
011111110010110011
011111110010011101
011111110010000101
011111110001101110
011111110001010110
011111110000111110
011111110000100101
011111110000001101
011111101111110011
011111101111011010
011111101111000000
011111101110100110
011111101110001100
011111101101110010
011111101101010111
011111101100111011
011111101100100000
011111101100000100
011111101011101000
011111101011001011
011111101010101111
011111101010010010
011111101001110100
011111101001010111
011111101000111001
011111101000011010
011111100111111100
011111100111011101
011111100110111110
011111100110011110
011111100101111111
011111100101011110
011111100100111110
011111100100011101
011111100011111100
011111100011011011
011111100010111001
011111100010011000
011111100001110101
011111100001010011
011111100000110000
011111100000001101
011111011111101001
011111011111000110
011111011110100010
011111011101111101
011111011101011001
011111011100110100
011111011100001110
011111011011101001
011111011011000011
011111011010011101
011111011001110110
011111011001010000
011111011000101001
011111011000000001
011111010111011001
011111010110110001
011111010110001001
011111010101100001
011111010100111000
011111010100001111
011111010011100101
011111010010111011
011111010010010001
011111010001100111
011111010000111100
011111010000010001
011111001111100110
011111001110111010
011111001110001110
011111001101100010
011111001100110110
011111001100001001
011111001011011100
011111001010101110
011111001010000001
011111001001010011
011111001000100100
011111000111110110
011111000111000111
011111000110010111
011111000101101000
011111000100111000
011111000100001000
011111000011011000
011111000010100111
011111000001110110
011111000001000101
011111000000010011
011110111111100001
011110111110101111
011110111101111100
011110111101001010
011110111100010111
011110111011100011
011110111010101111
011110111001111100
011110111001000111
011110111000010011
011110110111011110
011110110110101001
011110110101110011
011110110100111101
011110110100000111
011110110011010001
011110110010011010
011110110001100011
011110110000101100
011110101111110100
011110101110111101
011110101110000100
011110101101001100
011110101100010011
011110101011011010
011110101010100001
011110101001100111
011110101000101101
011110100111110011
011110100110111001
011110100101111110
011110100101000011
011110100100000111
011110100011001100
011110100010010000
011110100001010011
011110100000010111
011110011111011010
011110011110011101
011110011101011111
011110011100100010
011110011011100011
011110011010100101
011110011001100111
011110011000101000
011110010111101000
011110010110101001
011110010101101001
011110010100101001
011110010011101001
011110010010101000
011110010001100111
011110010000100110
011110001111100100
011110001110100010
011110001101100000
011110001100011110
011110001011011011
011110001010011000
011110001001010101
011110001000010001
011110000111001101
011110000110001001
011110000101000101
011110000100000000
011110000010111011
011110000001110101
011110000000110000
011101111111101010
011101111110100100
011101111101011101
011101111100010111
011101111011001111
011101111010001000
011101111001000000
011101110111111001
011101110110110000
011101110101101000
011101110100011111
011101110011010110
011101110010001101
011101110001000011
011101101111111001
011101101110101111
011101101101100100
011101101100011001
011101101011001110
011101101010000011
011101101000110111
011101100111101011
011101100110011111
011101100101010011
011101100100000110
011101100010111001
011101100001101011
011101100000011110
011101011111010000
011101011110000010
011101011100110011
011101011011100100
011101011010010101
011101011001000110
011101010111110110
011101010110100110
011101010101010110
011101010100000110
011101010010110101
011101010001100100
011101010000010010
011101001111000001
011101001101101111
011101001100011101
011101001011001010
011101001001110111
011101001000100100
011101000111010001
011101000101111110
011101000100101010
011101000011010110
011101000010000001
011101000000101100
011100111111010111
011100111110000010
011100111100101101
011100111011010111
011100111010000001
011100111000101010
011100110111010100
011100110101111101
011100110100100101
011100110011001110
011100110001110110
011100110000011110
011100101111000110
011100101101101101
011100101100010100
011100101010111011
011100101001100010
011100101000001000
011100100110101110
011100100101010100
011100100011111001
011100100010011110
011100100001000011
011100011111101000
011100011110001100
011100011100110000
011100011011010100
011100011001111000
011100011000011011
011100010110111110
011100010101100001
011100010100000011
011100010010100101
011100010001000111
011100001111101001
011100001110001010
011100001100101011
011100001011001100
011100001001101101
011100001000001101
011100000110101101
011100000101001101
011100000011101100
011100000010001011
011100000000101010
011011111111001001
011011111101100111
011011111100000101
011011111010100011
011011111001000001
011011110111011110
011011110101111011
011011110100011000
011011110010110100
011011110001010001
011011101111101101
011011101110001000
011011101100100100
011011101010111111
011011101001011010
011011100111110100
011011100110001111
011011100100101001
011011100011000011
011011100001011100
011011011111110110
011011011110001111
011011011100100111
011011011011000000
011011011001011000
011011010111110000
011011010110001000
011011010100011111
011011010010110110
011011010001001101
011011001111100100
011011001101111010
011011001100010001
011011001010100110
011011001000111100
011011000111010001
011011000101100110
011011000011111011
011011000010010000
011011000000100100
011010111110111000
011010111101001100
011010111011011111
011010111001110011
011010111000000110
011010110110011000
011010110100101011
011010110010111101
011010110001001111
011010101111100001
011010101101110010
011010101100000100
011010101010010100
011010101000100101
011010100110110110
011010100101000110
011010100011010110
011010100001100101
011010011111110101
011010011110000100
011010011100010011
011010011010100001
011010011000110000
011010010110111110
011010010101001100
011010010011011001
011010010001100111
011010001111110100
011010001110000001
011010001100001101
011010001010011010
011010001000100110
011010000110110010
011010000100111101
011010000011001001
011010000001010100
011001111111011110
011001111101101001
011001111011110011
011001111001111110
011001111000000111
011001110110010001
011001110100011010
011001110010100011
011001110000101100
011001101110110101
011001101100111101
011001101011000101
011001101001001101
011001100111010101
011001100101011100
011001100011100011
011001100001101010
011001011111110001
011001011101110111
011001011011111101
011001011010000011
011001011000001001
011001010110001110
011001010100010011
011001010010011000
011001010000011101
011001001110100001
011001001100100110
011001001010101001
011001001000101101
011001000110110001
011001000100110100
011001000010110111
011001000000111010
011000111110111100
011000111100111110
011000111011000000
011000111001000010
011000110111000100
011000110101000101
011000110011000110
011000110001000111
011000101111000111
011000101101001000
011000101011001000
011000101001001000
011000100111000111
011000100101000111
011000100011000110
011000100001000101
011000011111000011
011000011101000010
011000011011000000
011000011000111110
011000010110111100
011000010100111001
011000010010110110
011000010000110011
011000001110110000
011000001100101101
011000001010101001
011000001000100101
011000000110100001
011000000100011101
011000000010011000
011000000000010011
010111111110001110
010111111100001001
010111111010000011
010111110111111101
010111110101110111
010111110011110001
010111110001101011
010111101111100100
010111101101011101
010111101011010110
010111101001001111
010111100111000111
010111100100111111
010111100010110111
010111100000101111
010111011110100110
010111011100011110
010111011010010101
010111011000001100
010111010110000010
010111010011111001
010111010001101111
010111001111100101
010111001101011010
010111001011010000
010111001001000101
010111000110111010
010111000100101111
010111000010100011
010111000000011000
010110111110001100
010110111100000000
010110111001110100
010110110111100111
010110110101011010
010110110011001101
010110110001000000
010110101110110011
010110101100100101
010110101010010111
010110101000001001
010110100101111011
010110100011101100
010110100001011110
010110011111001111
010110011101000000
010110011010110000
010110011000100001
010110010110010001
010110010100000001
010110010001110001
010110001111100000
010110001101010000
010110001010111111
010110001000101110
010110000110011100
010110000100001011
010110000001111001
010101111111100111
010101111101010101
010101111011000011
010101111000110000
010101110110011101
010101110100001010
010101110001110111
010101101111100100
010101101101010000
010101101010111100
010101101000101000
010101100110010100
010101100011111111
010101100001101011
010101011111010110
010101011101000001
010101011010101100
010101011000010110
010101010110000000
010101010011101010
010101010001010100
010101001110111110
010101001100100111
010101001010010001
010101000111111010
010101000101100011
010101000011001011
010101000000110100
010100111110011100
010100111100000100
010100111001101100
010100110111010100
010100110100111011
010100110010100010
010100110000001001
010100101101110000
010100101011010111
010100101000111101
010100100110100100
010100100100001010
010100100001110000
010100011111010101
010100011100111011
010100011010100000
010100011000000101
010100010101101010
010100010011001111
010100010000110011
010100001110010111
010100001011111011
010100001001011111
010100000111000011
010100000100100111
010100000010001010
010011111111101101
010011111101010000
010011111010110011
010011111000010101
010011110101111000
010011110011011010
010011110000111100
010011101110011101
010011101011111111
010011101001100000
010011100111000010
010011100100100011
010011100010000011
010011011111100100
010011011101000101
010011011010100101
010011011000000101
010011010101100101
010011010011000101
010011010000100100
010011001110000011
010011001011100011
010011001001000010
010011000110100000
010011000011111111
010011000001011101
010010111110111100
010010111100011010
010010111001110111
010010110111010101
010010110100110011
010010110010010000
010010101111101101
010010101101001010
010010101010100111
010010101000000011
010010100101100000
010010100010111100
010010100000011000
010010011101110100
010010011011010000
010010011000101011
010010010110000111
010010010011100010
010010010000111101
010010001110011000
010010001011110010
010010001001001101
010010000110100111
010010000100000001
010010000001011011
010001111110110101
010001111100001110
010001111001101000
010001110111000001
010001110100011010
010001110001110011
010001101111001100
010001101100100100
010001101001111101
010001100111010101
010001100100101101
010001100010000101
010001011111011101
010001011100110100
010001011010001100
010001010111100011
010001010100111010
010001010010010001
010001001111101000
010001001100111110
010001001010010100
010001000111101011
010001000101000001
010001000010010111
010000111111101100
010000111101000010
010000111010010111
010000110111101101
010000110101000010
010000110010010110
010000101111101011
010000101101000000
010000101010010100
010000100111101001
010000100100111101
010000100010010001
010000011111100100
010000011100111000
010000011010001011
010000010111011111
010000010100110010
010000010010000101
010000001111011000
010000001100101010
010000001001111101
010000000111001111
010000000100100001
010000000001110100
001111111111000101
001111111100010111
001111111001101001
001111110110111010
001111110100001100
001111110001011101
001111101110101110
001111101011111110
001111101001001111
001111100110100000
001111100011110000
001111100001000000
001111011110010000
001111011011100000
001111011000110000
001111010110000000
001111010011001111
001111010000011111
001111001101101110
001111001010111101
001111001000001100
001111000101011010
001111000010101001
001110111111111000
001110111101000110
001110111010010100
001110110111100010
001110110100110000
001110110001111110
001110101111001011
001110101100011001
001110101001100110
001110100110110011
001110100100000000
001110100001001101
001110011110011010
001110011011100111
001110011000110011
001110010101111111
001110010011001100
001110010000011000
001110001101100100
001110001010101111
001110000111111011
001110000101000110
001110000010010010
001101111111011101
001101111100101000
001101111001110011
001101110110111110
001101110100001001
001101110001010011
001101101110011110
001101101011101000
001101101000110010
001101100101111100
001101100011000110
001101100000010000
001101011101011010
001101011010100011
001101010111101101
001101010100110110
001101010001111111
001101001111001000
001101001100010001
001101001001011010
001101000110100010
001101000011101011
001101000000110011
001100111101111011
001100111011000100
001100111000001100
001100110101010011
001100110010011011
001100101111100011
001100101100101010
001100101001110010
001100100110111001
001100100100000000
001100100001000111
001100011110001110
001100011011010101
001100011000011011
001100010101100010
001100010010101000
001100001111101111
001100001100110101
001100001001111011
001100000111000001
001100000100000111
001100000001001100
001011111110010010
001011111011011000
001011111000011101
001011110101100010
001011110010100111
001011101111101100
001011101100110001
001011101001110110
001011100110111011
001011100011111111
001011100001000100
001011011110001000
001011011011001100
001011011000010001
001011010101010101
001011010010011000
001011001111011100
001011001100100000
001011001001100100
001011000110100111
001011000011101010
001011000000101110
001010111101110001
001010111010110100
001010110111110111
001010110100111010
001010110001111100
001010101110111111
001010101100000010
001010101001000100
001010100110000110
001010100011001001
001010100000001011
001010011101001101
001010011010001111
001010010111010001
001010010100010010
001010010001010100
001010001110010101
001010001011010111
001010001000011000
001010000101011001
001010000010011011
001001111111011100
001001111100011101
001001111001011101
001001110110011110
001001110011011111
001001110000011111
001001101101100000
001001101010100000
001001100111100001
001001100100100001
001001100001100001
001001011110100001
001001011011100001
001001011000100001
001001010101100000
001001010010100000
001001001111011111
001001001100011111
001001001001011110
001001000110011110
001001000011011101
001001000000011100
001000111101011011
001000111010011010
001000110111011001
001000110100010111
001000110001010110
001000101110010101
001000101011010011
001000101000010010
001000100101010000
001000100010001110
001000011111001100
001000011100001011
001000011001001001
001000010110000111
001000010011000100
001000010000000010
001000001101000000
001000001001111101
001000000110111011
001000000011111000
001000000000110110
000111111101110011
000111111010110000
000111110111101110
000111110100101011
000111110001101000
000111101110100101
000111101011100001
000111101000011110
000111100101011011
000111100010011000
000111011111010100
000111011100010001
000111011001001101
000111010110001001
000111010011000110
000111010000000010
000111001100111110
000111001001111010
000111000110110110
000111000011110010
000111000000101110
000110111101101010
000110111010100101
000110110111100001
000110110100011101
000110110001011000
000110101110010100
000110101011001111
000110101000001010
000110100101000110
000110100010000001
000110011110111100
000110011011110111
000110011000110010
000110010101101101
000110010010101000
000110001111100011
000110001100011101
000110001001011000
000110000110010011
000110000011001101
000110000000001000
000101111101000010
000101111001111101
000101110110110111
000101110011110010
000101110000101100
000101101101100110
000101101010100000
000101100111011010
000101100100010100
000101100001001110
000101011110001000
000101011011000010
000101010111111100
000101010100110110
000101010001101111
000101001110101001
000101001011100011
000101001000011100
000101000101010110
000101000010001111
000100111111001001
000100111100000010
000100111000111011
000100110101110101
000100110010101110
000100101111100111
000100101100100000
000100101001011001
000100100110010010
000100100011001011
000100100000000100
000100011100111101
000100011001110110
000100010110101111
000100010011101000
000100010000100000
000100001101011001
000100001010010010
000100000111001010
000100000100000011
000100000000111100
000011111101110100
000011111010101100
000011110111100101
000011110100011101
000011110001010110
000011101110001110
000011101011000110
000011100111111111
000011100100110111
000011100001101111
000011011110100111
000011011011011111
000011011000010111
000011010101001111
000011010010000111
000011001110111111
000011001011110111
000011001000101111
000011000101100111
000011000010011111
000010111111010111
000010111100001111
000010111001000110
000010110101111110
000010110010110110
000010101111101110
000010101100100101
000010101001011101
000010100110010100
000010100011001100
000010100000000100
000010011100111011
000010011001110011
000010010110101010
000010010011100010
000010010000011001
000010001101010001
000010001010001000
000010000110111111
000010000011110111
000010000000101110
000001111101100101
000001111010011101
000001110111010100
000001110100001011
000001110001000010
000001101101111010
000001101010110001
000001100111101000
000001100100011111
000001100001010111
000001011110001110
000001011011000101
000001010111111100
000001010100110011
000001010001101010
000001001110100001
000001001011011000
000001001000001111
000001000101000110
000001000001111110
000000111110110101
000000111011101100
000000111000100011
000000110101011010
000000110010010001
000000101111001000
000000101011111111
000000101000110110
000000100101101101
000000100010100100
000000011111011011
000000011100010001
000000011001001000
000000010101111111
000000010010110110
000000001111101101
000000001100100100
000000001001011011
000000000110010010
000000000011001001
